0.03791283 0.0377188 
 0.03823272 0.03878167
 0.03857784 0.03780031
 0.03778935 0.03800344
 0.03706744 0.03881479
 0.03747468 0.03643577
 0.03756402 0.03627408
 0.03651474 0.03738318
 0.03690776 0.0374998 
 0.03688193 0.03709223
 0.03897912 0.03623886
 0.03828851 0.03670976
 0.03705417 0.03921065
 0.03681967 0.03511453
 0.03823948 0.03712414
 0.03770158 0.03576109
 0.03719746 0.03761879
 0.03863744 0.03693943
 0.03773377 0.03775205
 0.03836448 0.03623201
 0.03710897 0.03667964
 0.03664257 0.03823516
 0.03896828 0.0374576 
 0.03767441 0.03795282
 0.03601683 0.03714222
 0.03687785 0.0391193 
 0.03765983 0.03614532
 0.03955249 0.03894812
 0.03776839 0.0379351 
 0.03797987 0.03702386
 0.03894918 0.03876149
 0.03768989 0.03807008
 0.03759881 0.0386655 
 0.03524467 0.03682045
 0.03814824 0.03906125
 0.04009245 0.03874415
 0.03916866 0.03724496
 0.0374691  0.03830469
 0.03817981 0.03709306
 0.03755292 0.03705377
 0.0381965  0.03889372
 0.03969161 0.03705371
 0.04065973 0.03864467
 0.03850742 0.03552863
 0.03799562 0.03770357
 0.0358953  0.03547562
 0.03708337 0.03674906
 0.03798833 0.03637121
 0.03791406 0.03739279
 0.03594556 0.03502054
 0.03810593 0.03744082
 0.03838405 0.03792096
 0.03719177 0.03546064
 0.03730436 0.03653577
 0.03716583 0.0367115 
 0.03703175 0.03531052
 0.03882233 0.03850597
 0.0380936  0.03741471
 0.03794293 0.03604321
 0.03810901 0.03865944
 0.03760171 0.03756156
 0.03717237 0.03647339
 0.03555685 0.03700635
 0.03624328 0.03522556
 0.03726346 0.03650727
 0.03621574 0.03623273
 0.03849683 0.03686563
 0.03816392 0.03677617
 0.03873448 0.03836919
 0.03770304 0.0405541 
 0.03582349 0.03956426
 0.03502258 0.0365474 
 0.03633334 0.03609177
 0.0372715  0.03649156
 0.03645538 0.03679315
 0.03835052 0.03819204
 0.0387492  0.03838193
 0.039664   0.03817886
 0.04255652 0.04087415
 0.04138038 0.03812222
 0.03909958 0.03725042
 0.03848945 0.03793998
 0.03599792 0.03608797
 0.03633261 0.03691268
 0.03642119 0.03584757
 0.03583904 0.03714486
 0.03614809 0.03735547
 0.03649258 0.03717656
 0.03712407 0.03594631
 0.03728036 0.0371868 
 0.03769742 0.03763085
 0.03806488 0.0384525 
 0.037379   0.03740119
 0.03776964 0.03795721
 0.03649995 0.03828821
 0.03610707 0.03673288
 0.03716761 0.03610707
 0.03703617 0.03729292
 0.03628809 0.0383513 
 0.03755609 0.03825326
 0.03728276 0.03748536
 0.03854444 0.03849935
 0.03892999 0.0385542 
 0.04042725 0.03858831
 0.03919727 0.03921858
 0.03815442 0.03790293
 0.03760122 0.03726006
 0.0382477  0.03784048
 0.04121491 0.04047568
 0.03918844 0.03819221
 0.03672083 0.03828114
 0.03590656 0.03725681
 0.03606189 0.03815726
 0.03664091 0.03951086
 0.03631872 0.03808951
 0.03780586 0.03804521
 0.03770472 0.0382936 
 0.03735368 0.03871829
 0.03698143 0.03716958
 0.0360489  0.03745026
 0.03779914 0.03768735
 0.03895068 0.03976884
 0.03725839 0.03755022
 0.0381675  0.03932974
 0.03800562 0.03796136
 0.03731877 0.0372581 
 0.03706034 0.03657677
 0.03762906 0.03849995
 0.03770224 0.03709267
 0.0382896  0.03850397
 0.03844447 0.03907068
 0.04003385 0.04035401
 0.04058439 0.04019292
 0.03786254 0.03852136
 0.03640947 0.03984746
 0.03647985 0.038078  
 0.03727657 0.04043949
 0.03703187 0.03861097
 0.03717215 0.03924401
 0.03816748 0.03886787
 0.03783923 0.03954392
 0.03866597 0.04118632
 0.03814448 0.03926487
 0.03682205 0.03916361
 0.03853293 0.03967504
 0.03841705 0.03786251
 0.03905657 0.03838434
 0.03938933 0.04032641
 0.04226912 0.04431756
 0.03978522 0.04058736
 0.03793337 0.03949802
 0.03782031 0.04110308
 0.0376148  0.03768291
 0.03930609 0.04029733
 0.0403653  0.04011972
 0.03794099 0.03860433
 0.03729362 0.03809781
 0.03791408 0.03898326
 0.03830351 0.04017663
 0.03755104 0.04103116
 0.03788564 0.03816862
 0.03941965 0.03971572
 0.03797654 0.03720462
 0.04010334 0.04192594
 0.03844341 0.03903686
 0.03831651 0.03930168
 0.03633414 0.0389006 
 0.03649384 0.04163355
 0.0370775  0.0403993 
 0.03877059 0.03842127
 0.04231085 0.04393823
 0.03852501 0.0389099 
 0.04214559 0.04421997
 0.04011682 0.04148339
 0.03771636 0.04199625
 0.03513061 0.04015028
 0.0356122  0.03710946
 0.03975363 0.0388863 
 0.04518238 0.04363354
 0.04447822 0.04513761
 0.04332448 0.03986782
 0.04069906 0.04146321
 0.03856201 0.03850729
 0.03558026 0.04076916
 0.03535774 0.03843417
 0.03758232 0.03984237
 0.03873461 0.03940614
 0.04074546 0.04158134
 0.04188341 0.04239186
 0.03971863 0.03865497
 0.03893197 0.04032141
 0.03632965 0.0380125 
 0.03616478 0.03933661
 0.03780307 0.04008727
 0.03791007 0.03949947
 0.03650261 0.0390819 
 0.03785518 0.03934116
 0.04195223 0.0432242 
 0.04242172 0.04313191
 0.03817891 0.03959569
 0.03670301 0.0394486 
 0.03694064 0.03942396
 0.03820951 0.03894704
 0.03842637 0.03917075
 0.03696612 0.03828731
 0.03829913 0.03971149
 0.04071587 0.04330943
 0.03662294 0.0411059 
 0.03535862 0.03682461
 0.03755575 0.03831656
 0.03884917 0.03886008
 0.03988926 0.04251231
 0.04108859 0.04191383
 0.04000632 0.04070745
 0.03867741 0.04055959
 0.03821431 0.03990922
 0.03660272 0.04021767
 0.03847554 0.04019334
 0.04128028 0.04258535
 0.03888655 0.03847889
 0.03765309 0.03978326
 0.04012842 0.04125068
 0.04119863 0.04486368
 0.03999864 0.04270246
 0.03858154 0.04212132
 0.03926723 0.04259698
 0.03921619 0.04200209
 0.04058915 0.04300568
 0.03704024 0.03961514
 0.04210542 0.04507217
 0.04353154 0.04667159
 0.03943577 0.03910369
 0.03719939 0.04068041
 0.03735493 0.03898271
 0.03741694 0.04050548
 0.03921993 0.04108355
 0.04157586 0.04256171
 0.04335134 0.04396474
 0.04216032 0.04107486
 0.04146447 0.04263423
 0.03617058 0.03774111
 0.03901444 0.04200514
 0.03833722 0.04012606
 0.03703145 0.03884662
 0.03537247 0.03831909
 0.03722406 0.03873108
 0.03919702 0.04029243
 0.04021286 0.04008629
 0.0410567  0.0394531 
 0.0425462  0.04327933
 0.04032087 0.04157216
 0.03959458 0.0401039 
 0.03849006 0.04089396
 0.03847279 0.03922971
 0.0407996  0.04210205
 0.03951233 0.03774303
 0.03649625 0.03927618
 0.03949917 0.04033537
 0.03887796 0.040213  
 0.03855253 0.03963804
 0.03841755 0.04032129
 0.03737617 0.03932906
 0.03637847 0.04048887
 0.03750451 0.04149231
 0.03776186 0.03992377
 0.03927424 0.04181197
 0.03957334 0.04002225
 0.04125116 0.04161828
 0.03833789 0.03980697
 0.04068353 0.04093754
 0.03921798 0.03884558
 0.03835744 0.03747405
 0.03953057 0.04217745
 0.03904845 0.03997542
 0.03823416 0.03933232
 0.03860045 0.03823809
 0.04052368 0.04295422
 0.04214513 0.04654515
 0.04154903 0.04454876
 0.03820802 0.03797886
 0.03834177 0.04194384
 0.03999458 0.04270379
 0.04260579 0.04488077
 0.04061064 0.04162923
 0.03841953 0.03928941
 0.03858847 0.03945808
 0.03982928 0.04186235
 0.03977814 0.04091852
 0.04002084 0.04052179
 0.04105292 0.0426338 
 0.04164867 0.04283219
 0.04127852 0.04419898
 0.03731509 0.0383476 
 0.03761815 0.03984199
 0.03524902 0.0390282 
 0.03729311 0.04138755
 0.03867035 0.0391955 
 0.04072355 0.04046787
 0.04335005 0.0445844 
 0.04285222 0.0453437 
 0.0397223  0.04081951
 0.03952186 0.04133929
 0.03830104 0.04031479
 0.0376632  0.03976122
 0.03752783 0.04104401
 0.0371156  0.04214267
 0.03561628 0.03967033
 0.03512106 0.04130445
 0.03586435 0.04152945
 0.03789921 0.03977299
 0.04237819 0.0450874 
 0.04370024 0.0407842 
 0.04369684 0.04478845
 0.04266496 0.0428064 
 0.03936455 0.04061128
 0.03758409 0.04120822
 0.03672354 0.03945696
 0.03712266 0.03804907
 0.0379642  0.03929406
 0.03751976 0.03931622
 0.03813804 0.04073608
 0.03840634 0.03991642
 0.03833111 0.03878806
 0.04259439 0.04232814
 0.04407478 0.04573033
 0.03861291 0.03756393
 0.03747426 0.03860499
 0.03810019 0.03849797
 0.03759268 0.03761423
 0.03682435 0.03684171
 0.03697468 0.03743195
 0.03834035 0.0378722 
 0.03929045 0.03803339
 0.04089663 0.04032128
 0.03770073 0.03781785
 0.04021183 0.0403659 
 0.0395226  0.03871086
 0.03994825 0.0389517 
 0.03857876 0.03842716
 0.04457705 0.04476035
 0.04444478 0.04361981
 0.04399936 0.04348667
 0.04295503 0.04431029
 0.03817931 0.03678585
 0.03685191 0.03858552
 0.03677988 0.03619911
 0.03618195 0.03705987
 0.03760977 0.03739579
 0.03997426 0.03894572
 0.0427538  0.04277584
 0.03956283 0.0372306 
 0.04170113 0.04249355
 0.04003737 0.03532744
 0.03764535 0.03659242
 0.03777453 0.03717095
 0.0376126  0.03774024
 0.03750533 0.0366957 
 0.03789042 0.03572987
 0.03707448 0.03547133
 0.04089762 0.04004337
 0.04412526 0.03726069
 0.04151893 0.04423708
 0.03723179 0.03605733
 0.03749231 0.03565302
 0.03678019 0.03554557
 0.03573936 0.037396  
 0.03513715 0.03516509
 0.03801432 0.03762594
 0.03688035 0.03719147
 0.03753056 0.03583886
 0.03748216 0.03512572
 0.03809182 0.03616985
 0.03848554 0.03719461
 0.03762873 0.03663765
 0.0366693  0.03703444
 0.03688076 0.03724144
 0.03713717 0.03798302
 0.03784849 0.03776361
 0.03822692 0.03771842
 0.03868189 0.0363205 
 0.03753714 0.03547926
 0.03769651 0.03773952
 0.03644758 0.03663027
 0.03526392 0.03693168
 0.03679017 0.03728151
 0.03768244 0.03520443
 0.03637268 0.03514399
 0.03664561 0.03516038
 0.03711285 0.0381429 
 0.0388889  0.03552117
 0.03948358 0.03835652
 0.03791223 0.03688888
 0.03682371 0.03722385
 0.03781999 0.03667976
 0.03727835 0.03608844
 0.03836773 0.03556915
 0.03770876 0.03660318
 0.03941502 0.03824075
 0.03829735 0.03754575
 0.0383364  0.0384736 
 0.04000103 0.04518804
 0.03783524 0.03955843
 0.03762874 0.04093771
 0.03815451 0.03696075
 0.03721566 0.03635909
 0.04000312 0.0369404 
 0.0377792  0.03587458
 0.0374177  0.03620212
 0.03824367 0.03532768
 0.03851043 0.04073948
 0.03892023 0.04129843
 0.03738243 0.03529441
 0.0381511  0.041394  
 0.0373152  0.03661328
 0.03725173 0.04064222
 0.0377897  0.03561779
 0.03738207 0.03675932
 0.03793729 0.03545936
 0.03743618 0.03712733
 0.03757528 0.03857683
 0.03838469 0.03526543
 0.03924564 0.03707222
 0.03775234 0.04011691
 0.03808743 0.0370458 
 0.03855753 0.03767261
 0.03769986 0.03651872
 0.03770933 0.03569597
 0.03813731 0.04040232
 0.03601419 0.03732955
 0.03754712 0.03570561
 0.03704139 0.0366518 
 0.03729171 0.0365231 
 0.03906593 0.03614066
 0.03851033 0.03612652
 0.03834691 0.03507989
 0.03558974 0.0359867 
 0.03844909 0.03950467
 0.03768533 0.03855819
 0.03894078 0.03818256
 0.03778502 0.04059947
 0.03785297 0.03686862
 0.03717678 0.03764657
 0.0378403  0.03614745
 0.03701712 0.03821555
 0.03674895 0.0352774 
 0.03873916 0.03946944
 0.03843279 0.03654035
 0.03771557 0.03582789
 0.03867168 0.03551643
 0.03789517 0.03788614
 0.0382724  0.03871493
 0.03785946 0.04056318
 0.03841878 0.03671351
 0.03707868 0.03756953
 0.03734695 0.03584141
 0.03693817 0.0361918 
 0.03751088 0.0361222 
 0.03714253 0.0371795 
 0.03586667 0.03621564
 0.03722919 0.0364019 
 0.03710178 0.03520967
 0.03770646 0.03803851
 0.03632006 0.03833774
 0.03718764 0.03860033
 0.0373316  0.03860839
 0.03772089 0.03585862
 0.03766964 0.03666169
 0.03627696 0.03520462
 0.037464   0.03530806
 0.03833816 0.03807925
 0.0379627  0.03830569
 0.03842819 0.03626208
 0.0378838  0.03632683
 0.03693123 0.03539674
 0.03701387 0.03586991
 0.03837796 0.03583891
 0.03756305 0.03543239
 0.03701059 0.03712377
 0.03664154 0.03586958
 0.03530928 0.03950268
 0.03626005 0.03811546
 0.0368967  0.03946786
 0.03514662 0.03780973
 0.03811902 0.03750002
 0.03712902 0.03548972
 0.03871727 0.03713708
 0.03852412 0.03745829
 0.03882071 0.0365255 
 0.03855451 0.03620356
 0.03794334 0.03585231
 0.03774929 0.03697625
 0.03742032 0.03582546
 0.03765811 0.03506612
 0.03754299 0.03541725
 0.03701686 0.03618219
 0.03690515 0.03761355
 0.03728647 0.03510755
 0.03737506 0.03540566
 0.03746484 0.03585998
 0.0374854  0.03598539
 0.03721599 0.03571014
 0.03804713 0.03508538
 0.03871168 0.0371828 
 0.03836048 0.03518325
 0.03840002 0.03756696
 0.03827358 0.03565517
 0.0388903  0.03810997
 0.03767336 0.0362961 
 0.03754257 0.03587727
 0.03743707 0.03610389
 0.03673568 0.03554831
 0.03807786 0.03504284
 0.03676662 0.03525896
 0.03698112 0.038893  
 0.03918004 0.03681555
 0.03682438 0.03522732
 0.03718056 0.03639565
 0.03804187 0.03523371
 0.03849755 0.03704425
 0.03786705 0.03706132
 0.03727059 0.03604765
 0.03692769 0.03511772
 0.03731864 0.03521353
 0.03724559 0.0363858 
 0.03734521 0.03535504
 0.03637439 0.03914827
 0.03760179 0.03551412
 0.03754389 0.03563217
 0.037829   0.03557985
 0.03790605 0.0364817 
 0.03761069 0.03530551
 0.03692754 0.039366  
 0.0368534  0.03909156
 0.03600166 0.03679427
 0.03701042 0.03720038
 0.03582651 0.03634719
 0.03774499 0.0374966 
 0.03765872 0.03550143
 0.03725405 0.0365964 
 0.03779026 0.03594536
 0.03791565 0.03731199
 0.03610734 0.03666735
 0.03772866 0.03532578
 0.03753928 0.03721673
 0.03700711 0.0350426 
 0.03735868 0.03554185
 0.03743445 0.03671414
 0.03747812 0.03508174
 0.03736405 0.03877083
 0.03616776 0.0390029 
 0.03773998 0.03780588
 0.03713083 0.03680269
 0.03710023 0.03524754
 0.03760307 0.03591295
 0.03767657 0.03544543
 0.03727634 0.03624234
 0.03791279 0.03762037
 0.03745925 0.0354729 
 0.03747632 0.03575142
 0.03593574 0.03738162
 0.0372834  0.03959778
 0.03708623 0.03639387
 0.03642712 0.03729933
 0.03784731 0.0371526 
 0.03726694 0.03716247
 0.037297   0.03564236
 0.03707306 0.03715127
 0.03805397 0.03714988
 0.03791586 0.03787144
 0.03592574 0.03646348
 0.03549539 0.03894704
 0.03629607 0.03993968
 0.03737366 0.03851863
 0.03776709 0.03706453
 0.03769142 0.0370796 
 0.03804903 0.03740259
 0.03800982 0.03667415
 0.03752644 0.03876986
 0.03740992 0.03793025
 0.03934581 0.04076669
 0.038242   0.0394953 
 0.03779336 0.03978166
 0.03845615 0.03698871
 0.03802655 0.03996336
 0.03815193 0.03789036
 0.03778663 0.03752026
 0.03839918 0.0372387 
 0.03777037 0.03614403
 0.03758561 0.03644309
 0.0368071  0.03724426
 0.03822216 0.03615528
 0.03751101 0.0372768 
 0.03753273 0.03758444
 0.03777643 0.03804129
 0.03749304 0.03832684
 0.0376507  0.03867992
 0.03796532 0.03670041
 0.03675172 0.03587823
 0.03689127 0.03691318
 0.03727451 0.03665236
 0.03655518 0.03749515
 0.03565644 0.03960587
 0.03657742 0.03931414
 0.03773003 0.03725455
 0.03738567 0.03891181
 0.03780627 0.0373283 
 0.03835632 0.03879234
 0.03762157 0.03894892
 0.03893708 0.03781004
 0.03711724 0.03738435
 0.03833167 0.039453  
 0.0377766  0.03797333
 0.0358423  0.03754035
 0.03572351 0.03968716
 0.03629697 0.03899251
 0.03721449 0.03624092
 0.03746632 0.03836904
 0.03729106 0.03696146
 0.03741331 0.03741152
 0.0374759  0.03788344
 0.0368941  0.03863207
 0.0363032  0.03990561
 0.03707552 0.03873818
 0.03724825 0.03909768
 0.03733192 0.03741614
 0.03638641 0.03735361
 0.03828874 0.03746476
 0.03764905 0.03954018
 0.03740689 0.03845309
 0.03774503 0.03637274
 0.0372697  0.03721366
 0.03616876 0.03961912
 0.03623299 0.03799928
 0.03687202 0.03791588
 0.03609122 0.0383304 
 0.03692906 0.03656693
 0.03745387 0.03818294
 0.03702298 0.03758597
 0.03707045 0.03784681
 0.03741227 0.03642919
 0.03685597 0.03761332
 0.03684061 0.03675217
 0.03721023 0.03745282
 0.03740151 0.03785373
 0.03730015 0.0373432 
 0.03746985 0.03775837
 0.03694972 0.0382447 
 0.03627973 0.03866509
 0.03755204 0.03883209
 0.03819767 0.0398868 
 0.03786413 0.03796689
 0.03725434 0.03819415
 0.03747552 0.03916476
 0.0361572  0.03804355
 0.03723943 0.03778379
 0.03745366 0.03915726
 0.03790627 0.03741463
 0.03778511 0.0363594 
 0.03688862 0.03689921
 0.03781979 0.0381128 
 0.03750582 0.03711077
 0.03730716 0.03729092
 0.03736395 0.03702711
 0.0368344  0.03809731
 0.03772245 0.03761264
 0.03694015 0.03751066
 0.03617679 0.03537973
 0.0378986  0.038435  
 0.03753455 0.03873799
 0.03807079 0.03726851
 0.03745179 0.03772142
 0.03743256 0.03679577
 0.0381713  0.03900415
 0.03799082 0.04028356
 0.03716321 0.03785461
 0.03763784 0.03763158
 0.03698111 0.03855385
 0.03667826 0.03950622
 0.03629163 0.03758712
 0.0363444  0.03858565
 0.03637921 0.03803267
 0.03711109 0.04032531
 0.03715125 0.03682011
 0.03715166 0.03711262
 0.03909079 0.0403328 
 0.0382197  0.03944212
 0.03830045 0.03892855
 0.03870849 0.03816707
 0.03865672 0.03715464
 0.03816029 0.0383663 
 0.03783356 0.03611844
 0.03745096 0.0385312 
 0.03698801 0.03808129
 0.03569424 0.03839706
 0.03680773 0.03962193
 0.0357319  0.03777195
 0.0372567  0.03721887
 0.0371542  0.03580626
 0.03702519 0.03878847
 0.03746572 0.03895919
 0.0369291  0.03901126
 0.03770456 0.03661177
 0.03789387 0.03830782
 0.037012   0.03807317
 0.03751536 0.03803527
 0.03691385 0.03677261
 0.03727056 0.03652948
 0.03708624 0.03850625
 0.03731496 0.03523599
 0.03731472 0.0371341 
 0.03744249 0.03743494
 0.03748651 0.03795245
 0.03777851 0.03650615
 0.0380319  0.03873228
 0.03614397 0.03667609
 0.03867427 0.0394648 
 0.03802819 0.03806538
 0.0376881  0.03716008
 0.03615017 0.03718198
 0.03680309 0.03711212
 0.03683234 0.03865749
 0.03702686 0.03742366
 0.03672971 0.03553691
 0.03665394 0.03559173
 0.03766116 0.03800789
 0.03728542 0.03653473
 0.03693902 0.03987427
 0.0368011  0.03567468
 0.03583005 0.03691759
 0.03674779 0.036635  
 0.03742726 0.03882261
 0.03775789 0.03838419
 0.0366261  0.03906757
 0.0379364  0.04001627
 0.03761417 0.0372271 
 0.03805118 0.03921623
 0.03654587 0.03760396
 0.03669235 0.03806365
 0.03623746 0.03944387
 0.03633624 0.03759463
 0.0372342  0.03830571
 0.03654736 0.03890118
 0.03818359 0.0385246 
 0.0378726  0.03925265
 0.03581304 0.03858753
 0.03788295 0.04087056
 0.03768344 0.03797355
 0.03675764 0.04002782
 0.03859348 0.04071558
 0.03667117 0.0378034 
 0.03627241 0.03841813
 0.03771602 0.03824944
 0.03797298 0.03865639
 0.03750597 0.03765942
 0.037746   0.03762535
 0.03733999 0.03677789
 0.03767088 0.0380745 
 0.03923838 0.03820459
 0.03940856 0.03673328
 0.03900394 0.03747353
 0.03763705 0.03540418
 0.03580928 0.03626993
 0.03694252 0.03521835
 0.03789527 0.03765308
 0.03786824 0.03735479
 0.03832421 0.03911453
 0.03818835 0.0368331 
 0.03805047 0.03640737
 0.03734738 0.03832833
 0.03725675 0.03716368
 0.03842769 0.0394251 
 0.03785998 0.03749984
 0.03706791 0.03856981
 0.0353452  0.03947312
 0.03732851 0.0384289 
 0.03635585 0.03870731
 0.03733494 0.03880032
 0.03692152 0.0410336 
 0.03741169 0.038787  
 0.03663978 0.03873319
 0.03728109 0.03742384
 0.03787906 0.03775338
 0.03851241 0.03744838
 0.03875744 0.03974866
 0.03858945 0.03755604
 0.03843758 0.03963095
 0.03818117 0.03790675
 0.03772219 0.03775039
 0.036688   0.0378626 
 0.03703424 0.0372679 
 0.03722559 0.03912516
 0.03869477 0.03857535
 0.03663923 0.03782771
 0.03682899 0.03891614
 0.03536453 0.03792114
 0.0358455  0.04017348
 0.03547783 0.03758823
 0.03628225 0.03625142
 0.03588887 0.03504646
 0.03771181 0.03925116
 0.03848196 0.03709775
 0.03702625 0.03883599
 0.03851976 0.03788459
 0.03746549 0.03844618
 0.03715716 0.03781249
 0.03716824 0.03840385
 0.03628755 0.03864209
 0.03760677 0.04172394
 0.03789117 0.03855974
 0.03684582 0.03832553
 0.03830299 0.03951898
 0.03814877 0.0397516 
 0.03771145 0.03821317
 0.0367279  0.04031108
 0.03612595 0.04021609
 0.03719071 0.03862092
 0.03647868 0.03543609
 0.03714251 0.03804072
 0.03690888 0.03648122
 0.03803925 0.0355415 
 0.03817203 0.03639352
 0.03693263 0.03910882
 0.03788166 0.03768111
 0.03752427 0.03634264
 0.03631928 0.03642808
 0.03579342 0.03709058
 0.0371548  0.03661066
 0.03687525 0.03669496
 0.03682987 0.03679952
 0.03755344 0.0381355 
 0.03756929 0.03659996
 0.03816737 0.03694283
 0.03811453 0.03729714
 0.03765219 0.0361017 
 0.03720006 0.03820585
 0.03674613 0.0387769 
 0.03683399 0.03749546
 0.03696986 0.03949809
 0.03797737 0.03758436
 0.03806067 0.03786195
 0.03807948 0.03696115
 0.03740807 0.03744011
 0.03777697 0.0373027 
 0.03744719 0.03726607
 0.03765352 0.03718979
 0.03771875 0.03920911
 0.03749507 0.03774986
 0.03763008 0.03745226
 0.03751151 0.0381553 
 0.03755166 0.03730923
 0.03767582 0.03768892
 0.03809497 0.03750653
 0.03819995 0.03704089
 0.03806474 0.03652695
 0.03850717 0.03673192
 0.03800979 0.03677516
 0.03799684 0.03529432
 0.03851029 0.03511543
 0.03821402 0.03631075
 0.03881402 0.03587626
 0.03858832 0.03831815
 0.0379246  0.03836019
 0.03826465 0.03946538
 0.03817059 0.04002737
 0.03862704 0.03972532
 0.03812944 0.03627542
 0.03750321 0.03790805
 0.03711521 0.03726961
 0.0366523  0.03745866
 0.03646339 0.03698801
 0.03690605 0.03603347
 0.03740989 0.03782682
 0.03714079 0.03769198
 0.03784075 0.03876112
 0.03761681 0.0382859 
 0.03702614 0.03699445
 0.03755973 0.03689977
 0.03717091 0.03685664
 0.0377311  0.03811896
 0.03721789 0.03765396
 0.03663894 0.03976766
 0.03716624 0.03910796
 0.03646581 0.03879652
 0.03709555 0.03816749
 0.0354723  0.03902081
 0.03622758 0.03808399
 0.03682943 0.03843854
 0.03743211 0.03641216
 0.03772836 0.03748301
 0.03898362 0.03936207
 0.03794306 0.03516368
 0.03757662 0.03838921
 0.03792525 0.03849572
 0.0371514  0.03819084
 0.03696886 0.04000695
 0.03687043 0.03751617
 0.03761458 0.03563526
 0.0371354  0.03798316
 0.03613216 0.0353692 
 0.03654956 0.03621898
 0.0377399  0.03951515
 0.0373821  0.03820972
 0.03628751 0.03951945
 0.03578753 0.03705136
 0.03527915 0.03667528
 0.03666444 0.03884377
 0.0373155  0.03700134
 0.03671463 0.03944252
 0.03753389 0.03797986
 0.03737246 0.03810944
 0.03613514 0.03715936
 0.03781293 0.03771767
 0.03656607 0.03578305
 0.03591549 0.03721975
 0.0351994  0.03513737
 0.03505139 0.03561556
 0.03572731 0.03921892
 0.03707037 0.03608208
 0.03786263 0.03727235
 0.0383052  0.03822257
 0.03843652 0.03826689
 0.03873134 0.03743858
 0.03787186 0.03768078
 0.03883832 0.03648458
 0.03844844 0.03767488
 0.03887594 0.03810562
 0.03784465 0.03656288
 0.03721013 0.037792  
 0.03685571 0.03732717
 0.03777738 0.03866469
 0.03747506 0.03595163
 0.03724366 0.03718015
 0.03694833 0.04192247
 0.03703587 0.03795639
 0.03736854 0.03688462
 0.03767079 0.03829912
 0.0388745  0.03556155
 0.03767335 0.03953661
 0.03766079 0.03871539
 0.0372227  0.03752076
 0.03806404 0.03599115
 0.03676362 0.03548653
 0.03710381 0.03801918
 0.03731255 0.03542803
 0.03813712 0.03819996
 0.03802828 0.03662184
 0.03762095 0.03669914
 0.03766943 0.04007673
 0.03764299 0.03736317
 0.03681557 0.03702949
 0.03697809 0.03702696
 0.03811597 0.03852802
 0.0353333  0.04025476
 0.03700828 0.03756646
 0.03779617 0.03729881
 0.03702514 0.03826593
 0.03709889 0.03711316
 0.03804684 0.03759422
 0.03723057 0.03852107
 0.03574698 0.03876454
 0.03585923 0.03881501
 0.03711416 0.0376566 
 0.03736747 0.03718942
 0.03660968 0.04046907
 0.03720941 0.0379149 
 0.03811299 0.03778362
 0.03809145 0.03887124
 0.03742114 0.0384237 
 0.03748234 0.0363637 
 0.03768764 0.03802801
 0.03708751 0.03796137
 0.03682671 0.03588846
 0.03591955 0.03751156
 0.0363983  0.03680597
 0.03645495 0.03698285
 0.03595024 0.03739329
 0.03837912 0.03797743
 0.03512729 0.0407595 
 0.04107231 0.03885605
 0.03510655 0.03884318
 0.03608254 0.03891232
 0.03760578 0.03529496
 0.03516134 0.03510314
 0.03528107 0.03684435
 0.03637119 0.0363017 
 0.03540466 0.0353245 
 0.03737254 0.04093605
 0.03638462 0.04094682
 0.03913242 0.03812023
 0.03602338 0.03511081
 0.03607284 0.03641719
 0.03605127 0.03531557
 0.03728162 0.03529549
 0.03663699 0.03509736
 0.03553721 0.03671372
 0.04151868 0.03676166
 0.04598381 0.03759189
 0.03764875 0.03553294
 0.03755967 0.0357771 
 0.04003674 0.03756513
 0.04114311 0.03742971
 0.03729893 0.03867859
 0.03519838 0.03903177
 0.03594767 0.03762805
 0.03683058 0.03818138
 0.0386455  0.03596575
 0.03841412 0.03826972
 0.03746827 0.03793917
 0.03608957 0.03901269
 0.03723038 0.03766648
 0.03667799 0.04005777
 0.03552704 0.03995011
 0.03644314 0.03933061
 0.03694361 0.03764551
 0.03877643 0.03706343
 0.03736316 0.03756467
 0.03630526 0.03624287
 0.0383037  0.03823571
 0.03692863 0.03821097
 0.03515877 0.04027642
 0.03595796 0.04125534
 0.03607245 0.03903901
 0.03594736 0.03871559
 0.03694281 0.0383545 
 0.03687351 0.0386534 
 0.03653177 0.03763505
 0.03696333 0.03759945
 0.03721529 0.03951368
 0.03701976 0.03723899
 0.03749062 0.03695928
 0.03672329 0.03740546
 0.03716515 0.03745086
 0.03641926 0.03754061
 0.03908825 0.03519055
 0.03722401 0.03513664
 0.03905112 0.0350237 
 0.03769723 0.03962952
 0.03703684 0.03908749
 0.03553224 0.04269582
 0.03696914 0.03921033
 0.03759486 0.03758138
 0.03805134 0.03807963
 0.03804275 0.03548608
 0.03678148 0.0367486 
 0.03813944 0.03839981
 0.03771561 0.03982478
 0.03694376 0.03629929
 0.03704961 0.0401168 
 0.03540862 0.03902376
 0.03725076 0.03776617
 0.03567757 0.04080187
 0.0373146  0.03846901
 0.03662388 0.03658598
 0.03610528 0.0417334 
 0.03577814 0.03857302
 0.03564606 0.03944889
 0.03603671 0.04067343
 0.03708063 0.04002417
 0.03718811 0.03966407
 0.03719057 0.03780847
 0.035663   0.03923788
 0.03657848 0.03937126
 0.03617815 0.03773123
 0.0369766  0.03884988
 0.03677661 0.03718695
 0.037522   0.03723609
 0.03781179 0.03534274
 0.03682552 0.03643094
 0.03695723 0.03882711
 0.03643514 0.03678476
 0.03793202 0.03957228
 0.03723048 0.03858221
 0.03588572 0.03539538
 0.03702113 0.03678567
 0.03808934 0.03756703
 0.0366833  0.03827679
 0.03847922 0.03623118
 0.03933693 0.03523795
 0.03993285 0.03782377
 0.03955128 0.04043823
 0.03939874 0.03588121
 0.03859498 0.03719254
 0.03821692 0.03680139
 0.03702961 0.03663618
 0.03742352 0.03694712
 0.03636861 0.03592691
 0.03898982 0.03873683
 0.03945868 0.03870874
 0.04176545 0.03913981
 0.04013573 0.03967889
 0.03873694 0.03876922
 0.03773389 0.03810605
 0.03520829 0.03591957
 0.0359777  0.03914182
 0.03547886 0.03826042
 0.03571424 0.0388451 
 0.03715459 0.04051214
 0.03674295 0.03805604
 0.03754025 0.03964936
 0.03676747 0.03810339
 0.03674585 0.0374316 
 0.03731642 0.03842682
 0.0368405  0.03649285
 0.03577905 0.03887414
 0.03608529 0.03687346
 0.03696748 0.03950962
 0.03650177 0.03691404
 0.03639976 0.03863319
 0.03700726 0.03573669
 0.03776929 0.03538183
 0.03749765 0.03510372
 0.03719309 0.03761916
 0.03816859 0.03615769
 0.03809146 0.03818715
 0.03881777 0.04000726
 0.03824918 0.03835825
 0.03772178 0.03685313
 0.03823128 0.03974716
 0.03931887 0.04068347
 0.03837829 0.03893838
 0.03871551 0.03892514
 0.0379839  0.0395778 
 0.03815526 0.03947282
 0.03800523 0.03650781
 0.03818526 0.03700327
 0.03778953 0.03881061
 0.0382422  0.03877502
 0.03744077 0.03786848
 0.03676816 0.03894641
 0.03634803 0.03597744
 0.03710353 0.03755315
 0.03732533 0.03943096
 0.03739745 0.03687833
 0.03703731 0.03776643
 0.03723098 0.03936251
 0.03796228 0.03703488
 0.0373266  0.03665807
 0.03735629 0.03621192
 0.03502717 0.03637986
 0.03559757 0.03721045
 0.03564466 0.03913146
 0.03678053 0.03676005
 0.0365734  0.03878814
 0.036731   0.03711445
 0.03616671 0.03601835
 0.03661805 0.03625175
 0.03762466 0.03655618
 0.03711296 0.03904501
 0.03740193 0.04159199
 0.0357887  0.03539514
 0.03600702 0.03516833
 0.0359538  0.03663244
 0.03527045 0.03589419
 0.03637683 0.03971823
 0.03679646 0.03652543
 0.03699527 0.03906386
 0.03698749 0.03801239
 0.03543621 0.03835154
 0.03670577 0.03712381
 0.03631251 0.04004357
 0.03602668 0.04009127
 0.03632563 0.03886465
 0.03676585 0.03881458
 0.03640126 0.03820157
 0.03672075 0.03588869
 0.03676754 0.03940453
 0.03531857 0.03896489
 0.03718578 0.03914318
 0.03732124 0.04043186
 0.0355488  0.03634151
 0.03602943 0.03925901
 0.03739296 0.0414715 
 0.03659304 0.04093231
 0.03632284 0.03932408
 0.03630525 0.03966815
 0.0366227  0.03895424
 0.03698882 0.03959618
 0.03760601 0.03856525
 0.03600561 0.03982172
 0.03502736 0.04286218
 0.03580682 0.0410976 
 0.03652674 0.03860033
 0.03609162 0.0382571 
 0.03771713 0.03943469
 0.03620884 0.03934027
 0.03620896 0.0369815 
 0.03623984 0.03696898
 0.03736463 0.04040366
 0.03715312 0.04172044
 0.03764573 0.03922148
 0.03604538 0.03825233
 0.03767951 0.03758206
 0.0373188  0.03744978
 0.03816398 0.03889247
 0.03726619 0.04044361
 0.03700837 0.03976476
 0.03814314 0.03971685
 0.03733011 0.03843404
 0.03734595 0.04046156
 0.03749783 0.03814102