0.04015018 0.04075133
 0.03981289 0.03954374
 0.0402668  0.04041965
 0.03962294 0.03825458
 0.03908174 0.04120996
 0.03721893 0.04647016
 0.03766847 0.04504484
 0.04157946 0.04235228
 0.04125054 0.04072957
 0.04035557 0.04316408
 0.03988855 0.04162711
 0.03930094 0.04112539
 0.04138853 0.04252855
 0.03892224 0.04016436
 0.03749833 0.04331646
 0.03943447 0.03930044
 0.03700107 0.04130372
 0.03857154 0.0399747 
 0.03976952 0.04502431
 0.04124125 0.04353957
 0.04225184 0.03637147
 0.04234087 0.04114643
 0.0392146  0.04460996
 0.03920633 0.04068518
 0.03918262 0.03773366
 0.03782931 0.03737079
 0.03758544 0.03872382
 0.03847174 0.04017131
 0.03947677 0.0394745 
 0.03863722 0.04980377
 0.03510456 0.04595581
 0.0409079  0.04626247
 0.04131562 0.03891092
 0.03980486 0.03679381
 0.03968372 0.03919557
 0.04008724 0.03790396
 0.03894731 0.03740661
 0.03902291 0.03828281
 0.03955709 0.03558411
 0.03991633 0.03842434
 0.03621337 0.04429391
 0.03856303 0.04420839
 0.03993083 0.03736337
 0.04020512 0.0407945 
 0.04105867 0.04113141
 0.04100102 0.0381411 
 0.03970341 0.03750668
 0.04045771 0.03656615
 0.03977879 0.03937016
 0.0396728  0.04113124
 0.03888624 0.04545641
 0.03784158 0.04591306
 0.03947391 0.04077634
 0.04125378 0.04167647
 0.04044913 0.04110876
 0.0398501  0.03871661
 0.0415715  0.03828319
 0.04094701 0.04001524
 0.04124569 0.03965881
 0.03977887 0.03763743
 0.04249866 0.04170691
 0.03844693 0.03801012
 0.03979326 0.03993883
 0.03915834 0.03845648
 0.03913569 0.04327602
 0.03949653 0.04362201
 0.03729006 0.04243369
 0.03827676 0.04619129
 0.03943389 0.0374037 
 0.04098369 0.03989994
 0.03960833 0.03937201
 0.04056799 0.03953902
 0.03984009 0.04155154
 0.0392486  0.04414164
 0.04134332 0.04144745
 0.03926976 0.0418205 
 0.03971324 0.04341773
 0.04010609 0.0386725 
 0.0397189  0.0375359 
 0.03834692 0.03553976
 0.04048548 0.04107983
 0.0406755  0.03930375
 0.03892674 0.04371898
 0.03969473 0.03855823
 0.04064462 0.04071733
 0.04001088 0.04346728
 0.04118097 0.03766645
 0.04038806 0.03980551
 0.03860137 0.04521804
 0.04176457 0.03956431
 0.03873843 0.04114883
 0.0411971  0.03945368
 0.03894837 0.03724937
 0.03636399 0.04583756
 0.03681296 0.0400165 
 0.03661875 0.04429056
 0.04016728 0.04261949
 0.0398322  0.03764341
 0.04306169 0.03823268
 0.04196506 0.03853324
 0.04173864 0.03762106
 0.044074   0.03835247
 0.04376524 0.04057234
 0.04195081 0.03845252
 0.04003199 0.04007001
 0.03804493 0.04518627
 0.03506742 0.04171509
 0.04154041 0.04312021
 0.04047526 0.04078465
 0.04082189 0.04234347
 0.03992866 0.03664962
 0.04004135 0.03888761
 0.03947634 0.0384203 
 0.04065605 0.04480666
 0.0407746  0.04138852
 0.04055631 0.03913647
 0.04087661 0.04025353
 0.03869344 0.03848211
 0.03883931 0.04048486
 0.03881279 0.04103845
 0.037315   0.04154151
 0.03682707 0.04056496
 0.03795912 0.04202966
 0.03852393 0.04069716
 0.03943697 0.04115351
 0.04059129 0.03764665
 0.04002081 0.04022169
 0.03768573 0.04212566
 0.03843023 0.04079022
 0.03900584 0.03775782
 0.03951386 0.0406752 
 0.03836814 0.0396342 
 0.03805752 0.03935343
 0.03962778 0.04062933
 0.03893681 0.03829332
 0.03952818 0.03875951
 0.03929793 0.03679318
 0.03847514 0.03557876
 0.03875591 0.03502002
 0.03917323 0.03554717
 0.03834652 0.03757545
 0.03655879 0.03937439
 0.03622175 0.03610915
 0.03812696 0.03775227
 0.0371115  0.03539393
 0.037426   0.03647899
 0.0393709  0.0381295 
 0.04009867 0.03542799
 0.04034137 0.03871994
 0.03976903 0.03518253
 0.03778306 0.03653984
 0.03741489 0.036338  
 0.04074858 0.03610035
 0.03929726 0.03697024
 0.03772227 0.03611368
 0.03766287 0.03583996
 0.03994121 0.03742136
 0.03988398 0.03766366
 0.03865581 0.03652758
 0.03905295 0.03684873
 0.03800718 0.03610619
 0.03808419 0.0365162 
 0.0396618  0.03741593
 0.03975723 0.03781597
 0.03734656 0.03752066
 0.03995671 0.03703652
 0.04032711 0.03658668
 0.03844476 0.03639629
 0.03799574 0.03596979
 0.03589205 0.03653708
 0.0380186  0.03956874
 0.04021702 0.0355892 
 0.04517484 0.03554295
 0.05265149 0.03548759
 0.03968041 0.03504003
 0.0379435  0.03564138
 0.03571588 0.03664595
 0.03603036 0.03658964
 0.03746106 0.03605588
 0.04083083 0.03531311
 0.04267924 0.03540082
 0.04410044 0.03644685
 0.04289339 0.0359649 
 0.04356597 0.04038562
 0.04238969 0.03533408
 0.04045681 0.03598839
 0.03993253 0.03684747
 0.03782631 0.03514184
 0.03636418 0.03539217
 0.03504283 0.03728721
 0.03561557 0.03916167
 0.0419252  0.03516556
 0.04156408 0.03550009
 0.04511753 0.03588759
 0.0418147  0.03561557
 0.03980265 0.03590006
 0.03703432 0.03502105
 0.03832794 0.03561534
 0.03728575 0.03629356
 0.03743259 0.0378721 
 0.03925819 0.0359672 
 0.04025762 0.03597485
 0.04239158 0.03507406
 0.04250447 0.03516859
 0.04340286 0.03680418
 0.04082874 0.0392427 
 0.04107131 0.03718422
 0.04129117 0.03859695
 0.04265149 0.03557147
 0.03559725 0.03553569
 0.03657738 0.03588535
 0.03741364 0.03946076
 0.03827173 0.03790253
 0.03778931 0.03745727
 0.03733692 0.03647897
 0.04334569 0.03655017
 0.04531395 0.03552926
 0.04249008 0.03508849
 0.03897908 0.03685303
 0.03994032 0.03806601
 0.03890598 0.03520048
 0.03872668 0.03718295
 0.03868136 0.03855047
 0.03754035 0.03745873
 0.03756009 0.03880957
 0.03979139 0.0357203 
 0.03856254 0.03583419
 0.03994656 0.03507943
 0.03894513 0.03516134
 0.03890631 0.03680689
 0.03790492 0.03805137
 0.04040296 0.03794054
 0.04036039 0.03585301
 0.03818822 0.03783496
 0.04038225 0.03613428
 0.03908079 0.03700725
 0.03863636 0.03824956
 0.03958444 0.03718675
 0.03977737 0.03515356
 0.03977701 0.03668709
 0.03870214 0.03657306
 0.03976057 0.0359439 
 0.03942697 0.03848578
 0.0397143  0.03689693
 0.03992402 0.03708024
 0.03983626 0.0385921 
 0.0396354  0.03711165
 0.03963905 0.03616142
 0.03782924 0.03644986
 0.04020909 0.0365239 
 0.03918987 0.03714689
 0.04024969 0.03866125
 0.03907318 0.03508609
 0.04020114 0.03589572
 0.04031547 0.03559328
 0.03969585 0.03532164
 0.04063665 0.03721687
 0.04064054 0.03888724
 0.03821003 0.03714957
 0.03857275 0.04063771
 0.03964896 0.03829178
 0.04139766 0.03577752
 0.04191647 0.03606072
 0.04169084 0.0378436 
 0.03866901 0.03547153
 0.04129621 0.03703294
 0.03967935 0.03601732
 0.04106513 0.0352624 
 0.04176494 0.03715284
 0.04090287 0.03721651
 0.04024998 0.03562496
 0.04129542 0.03749213
 0.04026904 0.03780501
 0.04154262 0.03521871
 0.04021373 0.0376651 
 0.04087475 0.03634664
 0.0411552  0.03752817
 0.0412205  0.03691882
 0.0411072  0.03639381
 0.04091354 0.03633901
 0.0402881  0.03511366
 0.04071265 0.03678227
 0.04158235 0.036571  
 0.0421471  0.03660259
 0.04043614 0.03503561
 0.04140624 0.03646234
 0.04280237 0.03651752
 0.04165827 0.03706078
 0.04050234 0.0360642 
 0.04129197 0.03728519
 0.04099048 0.03566989
 0.03988815 0.03600666
 0.04077861 0.03535929
 0.0411707  0.03585279
 0.04099259 0.03663915
 0.04056492 0.03634027
 0.04074173 0.03802805
 0.04055329 0.03835078
 0.03780646 0.03816658
 0.04087605 0.03504035
 0.04015798 0.03659161
 0.04108241 0.03759233
 0.04070467 0.03659299
 0.04038222 0.03705503
 0.03838    0.03685822
 0.04030945 0.0351221 
 0.03924418 0.03705623
 0.04062867 0.03710035
 0.04084525 0.03889393
 0.04001018 0.03514829
 0.04014534 0.03802764
 0.03999563 0.03659263
 0.0404815  0.03603341
 0.0414913  0.03810695
 0.04046362 0.03923312
 0.0405043  0.03720126
 0.04238995 0.03954512
 0.04095897 0.03646848
 0.04067647 0.03699558
 0.0402749  0.03559547
 0.04009356 0.03653128
 0.03885684 0.03889833
 0.04006675 0.03917587
 0.04064721 0.0357095 
 0.03964789 0.03654402
 0.04299957 0.03950378
 0.04506135 0.03771286
 0.04029504 0.04082565
 0.03996742 0.0373559 
 0.0391903  0.03822199
 0.03864808 0.03799725
 0.03937527 0.03717678
 0.04036674 0.03515163
 0.0416248  0.0362625 
 0.03943765 0.03725827
 0.04119731 0.03632984
 0.04032156 0.038207  
 0.04036645 0.03833655
 0.04120855 0.03681743
 0.04051035 0.03675002
 0.03901558 0.0371997 
 0.03699    0.04213363
 0.03913761 0.03770562
 0.03845937 0.03653823
 0.04030334 0.03735648
 0.03904831 0.03667564
 0.03928372 0.03740562
 0.03997201 0.03589645
 0.03995086 0.03644217
 0.04016862 0.03543686
 0.04034849 0.0392593 
 0.03995013 0.03663723
 0.04137832 0.03510388
 0.04077373 0.03508337
 0.04069425 0.03976928
 0.03915707 0.03775597
 0.03986938 0.03655359
 0.04002027 0.03973507
 0.03987361 0.03527866
 0.0397946  0.03791837
 0.03838928 0.03703756
 0.03964832 0.0372806 
 0.03950695 0.03736445
 0.03907608 0.03617507
 0.04191864 0.03730915
 0.04200818 0.03706473
 0.03994722 0.03770991
 0.03970059 0.037666  
 0.04002846 0.03610062
 0.03985751 0.03515999
 0.04002753 0.0368855 
 0.03913778 0.03538381
 0.03921284 0.03772651
 0.03876983 0.03685217
 0.03987924 0.03654545
 0.03820927 0.03900014
 0.03855271 0.03785167
 0.03988569 0.03690136
 0.04059802 0.03803788
 0.03923029 0.03624661
 0.03868431 0.03718001
 0.04001131 0.03994543
 0.04001803 0.0372802 
 0.03930952 0.03970066
 0.03923365 0.03789869
 0.04011071 0.03743913
 0.04049085 0.037468  
 0.03966339 0.03560611
 0.0392416  0.03767213
 0.03909397 0.03680236
 0.04030311 0.03778055
 0.03976011 0.03727675
 0.04007201 0.038404  
 0.03981839 0.03612217
 0.04069699 0.03806104
 0.04054654 0.03569308
 0.03995299 0.03702407
 0.03920564 0.03651147
 0.03819226 0.03563927
 0.03884841 0.03607316
 0.03931246 0.03752285
 0.03918728 0.0361118 
 0.03961778 0.0369339 
 0.03993117 0.03564722
 0.03866801 0.03681604
 0.0384513  0.03561085
 0.03996065 0.03620037
 0.0399389  0.0352518 
 0.04060945 0.03732282
 0.04092516 0.03531878
 0.04068159 0.03591185
 0.04006965 0.03537451
 0.0397631  0.0360495 
 0.03870225 0.03749305
 0.03871352 0.03683409
 0.03901109 0.03651094
 0.03988894 0.0372598 
 0.03972147 0.0354225 
 0.03998347 0.03539321
 0.0408737  0.0366982 
 0.04056349 0.03595851
 0.03963572 0.03635725
 0.03954251 0.03643503
 0.0397772  0.03709104
 0.04020282 0.03539773
 0.03923341 0.03638896
 0.03830089 0.035204  
 0.03978187 0.03686799
 0.04058984 0.03554406
 0.03960247 0.03600645
 0.03912094 0.03686775
 0.0401925  0.03711165
 0.04038313 0.03555849
 0.03973901 0.03793068
 0.03919507 0.03707876
 0.03924722 0.03615375
 0.03971906 0.03686719
 0.0395088  0.03553467
 0.03895703 0.03751042
 0.03899556 0.03701508
 0.04050511 0.03638502
 0.04020144 0.03643834
 0.03951914 0.03648744
 0.04004024 0.03637391
 0.04014843 0.03518514
 0.04005089 0.03604057
 0.03938226 0.03565725
 0.04019084 0.03698509
 0.03959903 0.03548182
 0.04070071 0.03618691
 0.04044396 0.03690853
 0.03937876 0.03670755
 0.04008119 0.03659497
 0.04026388 0.03741223
 0.0402443  0.03642915
 0.04021968 0.03503991
 0.04287673 0.03538705
 0.04081559 0.03685056
 0.03858874 0.03664486
 0.0389646  0.03595214
 0.0381326  0.03644867
 0.03881989 0.03735344
 0.03974473 0.03866409
 0.03981709 0.03825469
 0.04049808 0.03506558
 0.03909938 0.03501945
 0.03933959 0.03870983
 0.03984785 0.03636257
 0.0396321  0.03812531
 0.03984211 0.03616502
 0.03857857 0.03679468
 0.03901968 0.03820251
 0.03951596 0.03540352
 0.03917824 0.03550361
 0.03937124 0.0361129 
 0.03960491 0.03583959
 0.04179099 0.03538809
 0.03999656 0.03543845
 0.03979908 0.03568018
 0.03904429 0.03612893
 0.03898391 0.03588826
 0.03930378 0.03599668
 0.03947088 0.03589754
 0.03930889 0.037119  
 0.04079224 0.03660414
 0.04053757 0.03597397
 0.04067487 0.03620871
 0.04083806 0.04085367
 0.04005159 0.0358622 
 0.03899089 0.03503909
 0.0395849  0.03554636
 0.03923939 0.03589241
 0.03910222 0.03615421
 0.03933813 0.03634491
 0.03929821 0.03608061
 0.03943422 0.03677258
 0.04085132 0.03571786
 0.04100691 0.03546821
 0.03936134 0.03611983
 0.03912924 0.03711649
 0.03995654 0.03660115
 0.03980032 0.03550777
 0.04066159 0.03523285
 0.03963725 0.036695  
 0.03987727 0.03745281
 0.04140605 0.03609877
 0.04161276 0.0376976 
 0.03855425 0.0358998 
 0.03927377 0.03646936
 0.04027487 0.03729964
 0.03916971 0.03567746
 0.03953022 0.03626139
 0.03981014 0.03838341
 0.03948338 0.0369729 
 0.04026135 0.03705823
 0.03968129 0.03624871
 0.03971429 0.03707704
 0.0392374  0.03619964
 0.03978945 0.03698526
 0.03830934 0.03886913
 0.03962847 0.0371308 
 0.03996909 0.03645699
 0.03988065 0.03571648
 0.03948382 0.03560324
 0.04005555 0.03579912
 0.04015052 0.03624067
 0.04036902 0.03673613
 0.03947692 0.03694458
 0.03906825 0.03588562
 0.04031631 0.03502476
 0.04034115 0.03507717
 0.03946489 0.03572758
 0.03951637 0.03761474
 0.03919046 0.03579516
 0.03902759 0.03549504
 0.03889526 0.03537557
 0.03991737 0.03630377
 0.03983746 0.03637134
 0.04042386 0.03634642
 0.03943792 0.03556135
 0.04074054 0.03539697
 0.04041994 0.03552523
 0.04028961 0.03555187
 0.0378605  0.03545606
 0.03908291 0.03609642
 0.04111531 0.03554755
 0.04159547 0.03529393
 0.04068954 0.0367185 
 0.04181718 0.03582432
 0.04055504 0.0357256 
 0.04078945 0.03520203
 0.03981111 0.035645  
 0.03788423 0.03556096
 0.03910529 0.03671702
 0.03911809 0.03738403
 0.03961712 0.03718003
 0.03921812 0.03691734
 0.04095271 0.03621841
 0.04131816 0.03574685
 0.04005435 0.03569877
 0.03886896 0.03590922
 0.0385417  0.03600331
 0.03913393 0.03635161
 0.04031562 0.03715809
 0.04023416 0.03575616
 0.0412498  0.03654387
 0.04088658 0.03561386
 0.04088355 0.03529863
 0.04103637 0.03546589
 0.04105781 0.03646963
 0.04088452 0.03618897
 0.04082051 0.03596625
 0.0397784  0.03686815
 0.04032232 0.03694616
 0.04055388 0.03637818
 0.04092453 0.03504128
 0.04154472 0.03653973
 0.04145517 0.03664288
 0.0414761  0.03684215
 0.04136978 0.03549034
 0.0401578  0.03571832
 0.04005206 0.03590633
 0.04068846 0.03687986
 0.04006565 0.03728693
 0.03986901 0.03793375
 0.04101375 0.03654474
 0.04098586 0.0372289 
 0.04179253 0.03706401
 0.04073995 0.03655078
 0.04073124 0.03658007
 0.04095935 0.03551538
 0.04121138 0.03591581
 0.0408997  0.03744363
 0.04101574 0.03673731
 0.04093849 0.03556897
 0.04003035 0.03686286
 0.03912457 0.03640319
 0.04045897 0.03641184
 0.04129483 0.03669137
 0.04287329 0.03626616
 0.04230823 0.03723164
 0.04191848 0.03589617
 0.04185245 0.03587931
 0.04116436 0.03525012
 0.03925573 0.03546553
 0.03996759 0.0359251 
 0.04016105 0.03576473
 0.04010358 0.03587426
 0.04073965 0.03676542
 0.04228714 0.03568672
 0.04287525 0.0367585 
 0.04057161 0.03557955
 0.03887667 0.03554945
 0.03889951 0.03616408
 0.04040023 0.0371592 
 0.04038038 0.03567373
 0.04012878 0.03507892
 0.04015147 0.03714226
 0.0398814  0.03649061
 0.03938586 0.03517531
 0.04120136 0.03528231
 0.04371115 0.03707159
 0.04252198 0.03760231
 0.04121552 0.03558464
 0.0392344  0.03671315
 0.03966346 0.03510217
 0.04154036 0.03576882
 0.04422834 0.03686767
 0.0443375  0.03528085
 0.04341758 0.03691637
 0.04221424 0.03647098
 0.04026828 0.03529195
 0.03790525 0.03520124
 0.03684964 0.03513471
 0.03754254 0.03620767
 0.03875755 0.03566256
 0.04019568 0.03627172
 0.04140097 0.03636394
 0.04408186 0.03845888
 0.0425662  0.03773453
 0.0426099  0.03560822
 0.04078381 0.03571959
 0.04078302 0.0351354 
 0.04111029 0.03647313
 0.0413837  0.03556472
 0.04209839 0.0362191 
 0.04269147 0.0359285 
 0.041824   0.03758878
 0.040507   0.03538908
 0.04051365 0.03549765
 0.04081943 0.03610545
 0.04076963 0.03554169
 0.04001774 0.0355268 
 0.04108573 0.03553646
 0.04015875 0.03631651
 0.03941687 0.03568036
 0.04026373 0.03679318
 0.04086684 0.03623027
 0.04043961 0.03519376
 0.04035623 0.0361628 
 0.04084538 0.03599773
 0.04083393 0.03710736
 0.04109753 0.03679583
 0.04060286 0.03584113
 0.04061542 0.03535406
 0.03895418 0.03728448
 0.03931855 0.03681744
 0.03776511 0.03763386
 0.03977942 0.0369373 
 0.03975007 0.03699903
 0.04142313 0.03704716
 0.04318091 0.03764673
 0.04231177 0.03512488
 0.04251195 0.03540619
 0.04273576 0.03795706
 0.04118663 0.03628122
 0.04021575 0.03561236
 0.03815114 0.03512114
 0.03985079 0.03617711
 0.03988115 0.03701847
 0.04095178 0.03687668
 0.04114462 0.03781091
 0.04113396 0.037021  
 0.03941042 0.03624376
 0.03967195 0.03712176
 0.0413041  0.03791707
 0.04463626 0.03860501
 0.04570564 0.03576425
 0.04239497 0.0365897 
 0.04521595 0.03787395
 0.04180826 0.03677024
 0.0392852  0.03866116
 0.03514215 0.03542553
 0.03504609 0.03581237
 0.03819574 0.03517059
 0.04062901 0.03783862
 0.04308728 0.03953613
 0.0414714  0.03681879
 0.0421821  0.03719673
 0.04207506 0.03615898
 0.04042514 0.03626334
 0.04086871 0.03695372
 0.039484   0.03590496
 0.03826953 0.0353872 
 0.03786846 0.03637235
 0.03862539 0.03595698
 0.03978761 0.03551575
 0.04046787 0.03586244
 0.03967565 0.03607891
 0.03974485 0.03595882
 0.04006027 0.03606962
 0.04029578 0.035267  
 0.03913285 0.03504418
 0.03898277 0.03743372
 0.04018854 0.03650548
 0.03996997 0.03688964
 0.03936075 0.03762907
 0.03854414 0.0354566 
 0.03802759 0.03637026
 0.03813318 0.03625312
 0.0381007  0.03574546
 0.04118127 0.03812271
 0.04151808 0.03574936
 0.04455344 0.03780531
 0.04300512 0.03651356
 0.04231783 0.03586452
 0.03875626 0.03518476
 0.03677406 0.03531262
 0.03793085 0.03808777
 0.03509694 0.03723668
 0.03719154 0.03670809
 0.03798254 0.03505993
 0.04050906 0.03612931
 0.04150063 0.03636823
 0.04093453 0.03626792
 0.04146551 0.03568787
 0.03919055 0.03607084
 0.03889753 0.03641205
 0.03573897 0.03515041
 0.03661825 0.03520214
 0.03848866 0.03700203
 0.03955768 0.03632838
 0.0402782  0.0371552 
 0.03867659 0.03662215
 0.03934965 0.03547436
 0.0406617  0.03637996
 0.04087917 0.03728889
 0.04163381 0.03690394
 0.04177731 0.03717076
 0.04082625 0.03653244
 0.04044325 0.03761258
 0.04023989 0.03647179
 0.03869724 0.03578772
 0.03704696 0.03515311
 0.03570186 0.03527767
 0.03584956 0.03712397
 0.0370441  0.03634664
 0.03886747 0.03775571
 0.04121822 0.03840778
 0.04313264 0.0370083 
 0.04393441 0.03970835
 0.04619741 0.03876103
 0.04307573 0.03638787
 0.04064497 0.03603716
 0.03592753 0.03552502
 0.03834259 0.03600691
 0.03575962 0.03644597
 0.03724653 0.03704754
 0.03730453 0.03659811
 0.04036159 0.03672883
 0.0414375  0.03518482
 0.04275102 0.03539421
 0.04234389 0.03675324
 0.04359239 0.03556994
 0.04028495 0.03532904
 0.04018464 0.03622312
 0.03921676 0.03542369
 0.03812928 0.03713522
 0.03794309 0.03611871
 0.03818339 0.03640928
 0.03757994 0.03620277
 0.03776567 0.03546498
 0.03681852 0.03558426
 0.03700835 0.03598402
 0.04051055 0.03534407
 0.04328281 0.03734377
 0.04301735 0.03799491
 0.04114323 0.03534183
 0.03995211 0.03558108
 0.03905197 0.03567596
 0.03830016 0.03520934
 0.03891418 0.03628536
 0.03761555 0.03641399
 0.03877207 0.03646985
 0.03989107 0.0364709 
 0.0397816  0.03531567
 0.03981841 0.03675064
 0.03992612 0.03541773
 0.04031365 0.03507032
 0.04017659 0.03634947
 0.03817517 0.03547056
 0.03831467 0.03567348
 0.03828704 0.03607068
 0.03753929 0.0359768 
 0.03771628 0.03511804
 0.03791614 0.03532257
 0.04018281 0.03738007
 0.04066838 0.03571942
 0.0414891  0.03575425
 0.04155586 0.03617175
 0.04326579 0.03514561
 0.04111347 0.03577626
 0.0370015  0.03559408
 0.03623468 0.03505664
 0.03589778 0.03546725
 0.03706907 0.03725751
 0.03797441 0.03541961
 0.03993334 0.03620875
 0.0416363  0.03563955
 0.04308862 0.03559855
 0.04166188 0.03532707
 0.04073066 0.03537482
 0.04056948 0.03506224
 0.04052154 0.03575619
 0.03779309 0.03612821
 0.03709494 0.03568589
 0.03665968 0.03529594
 0.03536256 0.03560921
 0.03721989 0.03524792
 0.03978913 0.03540511
 0.0410039  0.03503244
 0.0414464  0.03619723
 0.04150675 0.03626696
 0.04036152 0.03592747
 0.04054943 0.0362671 
 0.03972889 0.03544392
 0.0398417  0.03612657
 0.0398464  0.03517866
 0.03980329 0.03574008
 0.03984173 0.03720647
 0.03858031 0.0358199 
 0.03666674 0.03779863
 0.03658108 0.03644193
 0.03524274 0.03502841
 0.03761392 0.03509658
 0.04057833 0.0362884 
 0.04021736 0.03639162
 0.04169853 0.03565125
 0.04104917 0.03636356
 0.04038694 0.0352069 
 0.03700888 0.03607484
 0.03536825 0.03544225
 0.03623764 0.03707098
 0.03805556 0.03513014
 0.03896035 0.03573174
 0.04001126 0.03513949
 0.04192273 0.03521762
 0.04270709 0.03708488
 0.03908591 0.0357925 
 0.03764801 0.0352358 
 0.03722601 0.03605288
 0.03814661 0.0350851 
 0.03615479 0.03545515
 0.03709607 0.03601705
 0.03924566 0.03514886
 0.04060486 0.03601813
 0.03984771 0.03707891
 0.04006396 0.03716368
 0.03824328 0.03598528
 0.03908733 0.03614066
 0.03973678 0.03662633
 0.03892254 0.03734349
 0.03873261 0.03590853
 0.03969824 0.03786289
 0.03870785 0.03750232
 0.03854934 0.03568875
 0.03550769 0.03692079
 0.03692982 0.03657909
 0.03738901 0.03527602
 0.03724154 0.03571443
 0.03711317 0.04114483
 0.03834086 0.03728206
 0.03992593 0.03553881
 0.04414194 0.03979142
 0.04247946 0.04202877
 0.04084671 0.04259078
 0.04120091 0.04116276
 0.03667866 0.0380949 
 0.03606756 0.03672776
 0.03985219 0.03982334
 0.04289809 0.03690061
 0.03842258 0.03507947
 0.03530198 0.035328  
 0.03882559 0.03527196
 0.04216777 0.03584878
 0.04171463 0.03537086
 0.04080796 0.04029836
 0.0404401  0.03742338
 0.03901061 0.03710858
 0.03992004 0.0377817 
 0.03759596 0.0360832 
 0.03534705 0.03626452
 0.03890856 0.03538001
 0.0384483  0.03765375
 0.03960481 0.03741474
 0.04082965 0.03606749
 0.04031042 0.0356324 
 0.03901855 0.03654397
 0.03858747 0.03516291
 0.03798964 0.03544683
 0.03710623 0.0368301 
 0.03861655 0.0365032 
 0.03998511 0.03720838
 0.04079895 0.03643308
 0.04154915 0.03734796
 0.04131789 0.03628979
 0.04463589 0.03544642
 0.04262199 0.03736397
 0.04075275 0.0386696 
 0.04164084 0.03611458
 0.03694528 0.03556878
 0.0361463  0.0368536 
 0.03720221 0.03537794
 0.03830498 0.03552788
 0.03903002 0.03572861
 0.03914161 0.03575168
 0.03843201 0.03727715
 0.03899344 0.03976925
 0.03627467 0.03727152
 0.03764127 0.03828843
 0.0365266  0.03628422
 0.03789074 0.03559903
 0.03634022 0.03720334
 0.03889281 0.03572749
 0.03995211 0.03676361
 0.04305303 0.03824734
 0.04190567 0.03692272
 0.03970915 0.03766152
 0.04003685 0.03511778
 0.03759395 0.03519892
 0.03848732 0.03734792
 0.03601861 0.03547649
 0.0355087  0.03631386
 0.03827181 0.03830126
 0.03971744 0.03613519
 0.04293581 0.03571736
 0.04314123 0.03803243
 0.03904115 0.03665638
 0.03507539 0.03852731
 0.03635639 0.03551121
 0.03513718 0.03636711
 0.03817204 0.03555325
 0.03534248 0.03565839
 0.03892604 0.03669841
 0.03806457 0.03594197
 0.03944172 0.03655462
 0.041041   0.03613315
 0.04220911 0.03541711
 0.03624418 0.03813503
 0.03506737 0.0439679 
 0.03551064 0.04815718
 0.03916515 0.04374105
 0.03969607 0.03773467
 0.04298564 0.03696728
 0.04229739 0.0420394 
 0.0393731  0.04744838
 0.03866974 0.03916616
 0.03666285 0.04070588
 0.03780404 0.03924946
 0.03898558 0.04183703
 0.03805    0.0404112 
 0.03932099 0.04402464
 0.03860269 0.04413581
 0.03919503 0.03757836
 0.03854503 0.04648972
 0.03831301 0.04772556
 0.03797243 0.04547257
 0.03949086 0.04335733
 0.0420262  0.03846201
 0.04319634 0.03765687
 0.04144911 0.03935808
 0.0388364  0.04637121
 0.03799606 0.04023619
 0.03730998 0.04045027
 0.03773846 0.04391368
 0.04063698 0.0387143 
 0.04190283 0.0394077 
 0.04129763 0.04082125
 0.04210184 0.03937997
 0.04099502 0.0397515 
 0.04162545 0.03987285
 0.04052176 0.04009502
 0.03802188 0.04167476
 0.03744724 0.04080297
 0.03684086 0.04123544
 0.03861552 0.04445978
 0.03951803 0.04281522
 0.04031995 0.04567478
 0.04063919 0.04360129
 0.04053579 0.04610568
 0.0397709  0.04092848
 0.04008865 0.04455843
 0.04237998 0.04338243
 0.04213236 0.04324999
 0.04178058 0.03898131
 0.04136985 0.04045899
 0.03923827 0.04434313
 0.04196685 0.04259158
 0.04182164 0.04332309
 0.04329053 0.04199391
 0.04076529 0.04638504
 0.0409795  0.04458926
 0.04091886 0.04448266
 0.03983337 0.04664449
 0.04074549 0.04350951
 0.04234552 0.04068571
 0.04008916 0.0447316 
 0.03864809 0.04549228
 0.0352447  0.0519152 
 0.03604482 0.0497728 
 0.0369207  0.0488365 
 0.042261   0.04759954
 0.04294027 0.04626846
 0.04323929 0.04447337
 0.04483108 0.04260994
 0.04369463 0.04199886
 0.04136567 0.04542127
 0.04179474 0.04724685
 0.04102705 0.04373331
 0.03922317 0.0436363 
 0.03689375 0.04659899
 0.03527041 0.04926771
 0.0359035  0.04836743
 0.03622834 0.05018751
 0.03680798 0.04729635
 0.03664703 0.05154702
 0.03929649 0.04206783
 0.0413275  0.04420329
 0.04320396 0.04391755
 0.04396837 0.04340168
 0.04401211 0.04222156
 0.04214265 0.0414492 
 0.04205742 0.04162362
 0.04106688 0.04328393
 0.03777489 0.04261369
 0.0373208  0.04454152
 0.04006682 0.04008396
 0.03878675 0.04478748
 0.04045855 0.04364741
 0.03987975 0.04283001
 0.03903199 0.03940634
 0.03687096 0.04176423
 0.03774346 0.04873177
 0.03507169 0.04462362
 0.0382032  0.04061293
 0.04066584 0.03841829
 0.04095265 0.03853132
 0.04060739 0.03920267
 0.0377143  0.04183913
 0.03883419 0.04365166
 0.04093126 0.04495175
 0.04120774 0.04008965
 0.03752848 0.05196368
 0.0367319  0.04723289
 0.04033076 0.04336748
 0.04148094 0.04591589
 0.04215615 0.04279105
 0.0390357  0.04368506
 0.04164398 0.04278693
 0.03965313 0.04489331
 0.04037502 0.0437555 
 0.03690764 0.04293537
 0.03884134 0.05401382
 0.03974909 0.04576466
 0.04240037 0.04478256
 0.04103927 0.04397447
 0.04151949 0.04430225
 0.04151063 0.04356981
 0.04068237 0.04091057
 0.0396771  0.0431895 
 0.03589932 0.04598044
 0.03992627 0.0396088 
 0.04043601 0.04185751
 0.04000663 0.04492861
 0.04042821 0.04446054
 0.04154919 0.0401191 
 0.04136224 0.04414192
 0.04061317 0.04167027
 0.03990246 0.04333293
 0.04146605 0.0476483 
 0.03949767 0.04335779
 0.04042082 0.04567921
 0.04178252 0.049933  
 0.04252626 0.0404744 
 0.04179262 0.04001122
 0.04101367 0.03813645
 0.04245808 0.04042339
 0.04160321 0.04081728
 0.04017697 0.04063153
 0.04071203 0.04278003
 0.03909087 0.0497386 
 0.03943095 0.04620815
 0.04080858 0.05077695
 0.04241793 0.04377028
 0.04381229 0.04346795
 0.04025571 0.03563016
 0.04271139 0.04385423
 0.0405257  0.03743927
 0.04142161 0.03842076
 0.0407377  0.04227945
 0.03632222 0.05548665
 0.03850091 0.05030235
 0.03975783 0.04254813
 0.04263553 0.04045229
 0.04106346 0.04321566
 0.04163515 0.04148791
 0.04145197 0.04347862
 0.04066993 0.04005988
 0.04207687 0.04278951
 0.04298297 0.04112538
 0.04267469 0.0400172 
 0.04312968 0.0404019 
 0.04260271 0.04150356
 0.04270007 0.04116587
 0.04139708 0.04243552
 0.04065457 0.04054169
 0.04026539 0.04451849
 0.03998616 0.03859266
 0.04180425 0.04093838
 0.04101747 0.03856495
 0.04258321 0.04081005
 0.04305115 0.04322202
 0.04304081 0.04445634
 0.04257071 0.0398731 
 0.04238578 0.03959194
 0.04151563 0.04253346
 0.04051433 0.04043286
 0.03916931 0.04681455
 0.04030231 0.045133  
 0.0414703  0.0405623 
 0.04287235 0.04246445
 0.04214561 0.04073711
 0.04254359 0.04735681
 0.04327757 0.04152077
 0.04368805 0.04166429
 0.04371839 0.0430342 
 0.04294501 0.04042464
 0.04352057 0.04220656
 0.04304741 0.04899883
 0.04335247 0.04035468
 0.04274434 0.04735801
 0.04243445 0.04002519
 0.0435326  0.04194926
 0.04285198 0.03774023
 0.04290557 0.03837783
 0.04359824 0.04169421
 0.04331155 0.03740329
 0.04293187 0.04015636
 0.04131803 0.0394919 
 0.04156838 0.03899524
 0.04089277 0.04570554
 0.03897068 0.04101731
 0.04116898 0.04713356
 0.04288139 0.04641903
 0.04286399 0.04452845
 0.04399305 0.03756451
 0.04473088 0.04122503
 0.04263373 0.03965408
 0.0441504  0.04076351
 0.04383496 0.04381944
 0.04164351 0.04144911
 0.03754435 0.04077354
 0.03703608 0.0445383 
 0.03508419 0.04275142
 0.03569736 0.04767663
 0.03699894 0.0433873 
 0.03849337 0.03981297
 0.03954063 0.04375796
 0.0414542  0.04327253
 0.0407152  0.04666421
 0.03922924 0.0496086 
 0.03951721 0.04772659
 0.04318471 0.04058675
 0.04540706 0.04195719
 0.04312765 0.03717429
 0.04277928 0.0397856 
 0.04014236 0.03745748
 0.0398469  0.04088065
 0.04039909 0.04293657
 0.04083061 0.04100817
 0.04487252 0.04454809
 0.04764217 0.04880816
 0.04725248 0.04440788
 0.04321074 0.03839701
 0.04298027 0.03936423
 0.0421795  0.03923189
 0.03954308 0.04038122
 0.03511511 0.0431884 
 0.03554263 0.04298893
 0.038925   0.0439269 