0.0361949  0.04254046
 0.03645933 0.04549263
 0.03610235 0.03940609
 0.03810345 0.04347593
 0.03663819 0.0447249 
 0.0352521  0.04121991
 0.03587862 0.04021061
 0.03789203 0.04213962
 0.0380915  0.04591311
 0.03546245 0.04807424
 0.03613313 0.04753359
 0.0387845  0.04228789
 0.03846905 0.04425757
 0.03563898 0.03991432
 0.03604665 0.03532999
 0.03545173 0.040195  
 0.03574485 0.03528652
 0.03581071 0.04531882
 0.03597888 0.04638039
 0.0380238  0.03945852
 0.03618252 0.04719511
 0.03550908 0.04822826
 0.03577987 0.0421213 
 0.03649938 0.0479169 
 0.03638519 0.04594414
 0.03555607 0.04695188
 0.03687633 0.04901133
 0.03527041 0.04412313
 0.03800385 0.04587093
 0.03632117 0.04815661
 0.03612851 0.04754072
 0.03582431 0.05292869
 0.03638992 0.0543508 
 0.03760288 0.05069147
 0.03661421 0.04571269
 0.03919353 0.05120985
 0.0356253  0.04927523
 0.03763581 0.04610506
 0.03627007 0.05461088
 0.03683496 0.05223908
 0.03674648 0.04916594
 0.03695852 0.0445102 
 0.0363888  0.05063082
 0.0391872  0.04743921
 0.0365238  0.04397811
 0.03854291 0.04760483
 0.03838738 0.04354151
 0.0353626  0.04355345
 0.03655125 0.04041401
 0.03615482 0.04628651
 0.0369697  0.04830519
 0.03767542 0.04438641
 0.04016799 0.04098954
 0.04154582 0.04540519
 0.03732217 0.0422235 
 0.03591732 0.04707411
 0.03885019 0.0438382 
 0.03829483 0.0443749 
 0.0368665  0.04447714
 0.04024762 0.03913798
 0.04189825 0.04067571
 0.03961201 0.03963625
 0.03594565 0.0419977 
 0.03587615 0.04214198
 0.03833445 0.04414321
 0.03640259 0.04257546
 0.03785717 0.04127306
 0.04073646 0.04050544
 0.04132551 0.04298168
 0.03874063 0.04281683
 0.03588079 0.04162746
 0.03795673 0.04129202
 0.03648083 0.04253292
 0.03777061 0.03986946
 0.03703764 0.04159025
 0.0382315  0.04164632
 0.03906761 0.04566259
 0.03771741 0.04190331
 0.0386497  0.04549929
 0.03869542 0.04154694
 0.04000524 0.04281987
 0.04014583 0.04225387
 0.03936619 0.04162108
 0.03995519 0.04071118
 0.03906538 0.03967641
 0.03920265 0.04068791
 0.03847919 0.03696641
 0.03932714 0.03845771
 0.03887723 0.03839016
 0.03999202 0.03953125
 0.03812313 0.03798704
 0.03760929 0.03757581
 0.03655603 0.03596879
 0.03890352 0.03774408
 0.04150349 0.0397309 
 0.04293972 0.03722563
 0.04588316 0.0392753 
 0.04532073 0.03875721
 0.04429237 0.03775848
 0.04504269 0.03838063
 0.04195886 0.03787686
 0.03732041 0.03571459
 0.03770174 0.03536195
 0.03800861 0.0354556 
 0.03953944 0.03615539
 0.03777208 0.03687547
 0.04113936 0.03818522
 0.04051273 0.03552654
 0.03973151 0.03750999
 0.04213724 0.03517106
 0.04169065 0.03512029
 0.04244348 0.03935946
 0.04058323 0.03687947
 0.04137651 0.03635353
 0.03858379 0.03729789
 0.03727927 0.03769536
 0.03895959 0.04009208
 0.03966957 0.04167987
 0.03741419 0.03947689
 0.03820904 0.03859759
 0.04024159 0.03859054
 0.03974184 0.03952818
 0.0400058  0.04051448
 0.03906897 0.04106583
 0.03752813 0.04058405
 0.0383473  0.04061677
 0.03920407 0.04136508
 0.03692582 0.03995533
 0.03676593 0.04182793
 0.03660712 0.04019068
 0.03633099 0.04112019
 0.0381711  0.04249393
 0.03893916 0.04034592
 0.03803825 0.03898877
 0.03799526 0.0404508 
 0.03816719 0.03976363
 0.03716879 0.03849196
 0.036618   0.04009083
 0.03735083 0.0382107 
 0.03759613 0.04102335
 0.03632163 0.03910135
 0.03722633 0.03695639
 0.03799    0.03618799
 0.03724693 0.03931849
 0.03802652 0.03863635
 0.03751018 0.03731849
 0.03673514 0.03815256
 0.03628406 0.03545522
 0.03768285 0.03698718
 0.03696182 0.03912549
 0.03632865 0.03629892
 0.03791399 0.03833475
 0.03667369 0.03782434
 0.03960806 0.03824849
 0.03796802 0.03650733
 0.03962897 0.03599352
 0.03729426 0.03502389
 0.03533129 0.03654224
 0.03557438 0.03515493
 0.03592625 0.03538049
 0.03539937 0.03819257
 0.03740711 0.03656413
 0.03868318 0.03725736
 0.03807287 0.03908912
 0.03787656 0.03659279
 0.03814422 0.03897088
 0.0374705  0.03976442
 0.03561239 0.03782675
 0.03852629 0.04073332
 0.03764758 0.04169109
 0.03637169 0.04113894
 0.03809879 0.03849003
 0.03795115 0.03937423
 0.03834567 0.03810681
 0.03679303 0.03658525
 0.03583515 0.03668189
 0.03594431 0.03777277
 0.03666865 0.04121727
 0.03606618 0.03907438
 0.03931592 0.04001806
 0.03961665 0.04105169
 0.04173061 0.04023115
 0.03949463 0.03980334
 0.03554202 0.03806072
 0.03736802 0.04183733
 0.03771125 0.03875824
 0.03894109 0.03610609
 0.03872212 0.03938641
 0.03752961 0.03802098
 0.03820534 0.03938152
 0.03865445 0.0360021 
 0.0398823  0.03696724
 0.04297663 0.03792538
 0.04034678 0.03871284
 0.04005495 0.04001601
 0.03952398 0.03866329
 0.03953227 0.03690435
 0.03731499 0.03945497
 0.03924182 0.04035709
 0.03826221 0.03702993
 0.04016356 0.0363503 
 0.04089412 0.03769104
 0.03876785 0.03721776
 0.0394822  0.03819174
 0.03723463 0.03616136
 0.0384744  0.03890047
 0.03673781 0.03544359
 0.03757323 0.03619472
 0.0391817  0.03659511
 0.04214936 0.0376024 
 0.0427154  0.03732878
 0.04295041 0.03961844
 0.04048961 0.03898115
 0.03954194 0.03927401
 0.03889868 0.03841939
 0.03764301 0.04018325
 0.03999691 0.04162807
 0.03789616 0.03919319
 0.04222541 0.03904901
 0.04057293 0.03901055
 0.04186709 0.03777799
 0.04184728 0.03958381
 0.04221917 0.03821084
 0.03769277 0.0366063 
 0.03758869 0.03702877
 0.03948119 0.03840121
 0.0385406  0.03800594
 0.03973264 0.03796951
 0.04002043 0.03949013
 0.03991006 0.03694652
 0.04034028 0.03952624
 0.04095514 0.03811547
 0.04031125 0.03929989
 0.03890959 0.0419252 
 0.04052992 0.04119295
 0.040393   0.03798931
 0.04221801 0.03746169
 0.04119471 0.03852182
 0.04060625 0.03663503
 0.03905249 0.03684127
 0.03865558 0.04052168
 0.03710111 0.03695362
 0.03973701 0.03619745
 0.0410694  0.03504762
 0.0396484  0.03590859
 0.04105674 0.03547838
 0.04357823 0.03512568
 0.04019461 0.03669468
 0.03928885 0.03994311
 0.03868201 0.03829522
 0.03761754 0.03691423
 0.04031592 0.03821744
 0.04106798 0.03575335
 0.04032118 0.03679663
 0.04402173 0.03796189
 0.0398854  0.03656106
 0.03961705 0.03955709
 0.03944018 0.03894808
 0.04013621 0.03804913
 0.04028567 0.0352956 
 0.0401944  0.03696566
 0.04113863 0.03729561
 0.04352622 0.03608174
 0.04141349 0.03597347
 0.04211808 0.03669009
 0.0391415  0.03853592
 0.03957253 0.03996334
 0.03989936 0.04009266
 0.03905347 0.0358839 
 0.03825083 0.03871216
 0.03945102 0.03734118
 0.03797134 0.03706163
 0.0387617  0.03599001
 0.03923598 0.03566792
 0.03893501 0.03800075
 0.03882486 0.03870163
 0.036591   0.03637964
 0.03841483 0.03692666
 0.0364282  0.03582911
 0.04051837 0.0410632 
 0.0392906  0.03821134
 0.03506443 0.03608185
 0.04104478 0.04173641
 0.03768833 0.03809809
 0.03586066 0.03555805
 0.03717114 0.03839938
 0.03895186 0.03680754
 0.03538964 0.03570042
 0.03986876 0.04020797
 0.03987669 0.03952477
 0.03678667 0.03925994
 0.03747373 0.03721046
 0.03616346 0.03528039
 0.03570212 0.03521496
 0.03733129 0.03768303
 0.03746826 0.0378845 
 0.03681445 0.03672364
 0.03542194 0.04062546
 0.03666759 0.03759155
 0.03941915 0.0380468 
 0.03974808 0.03841367
 0.0418688  0.03752647
 0.04517065 0.03781164
 0.03815806 0.03630279
 0.03783408 0.03613693
 0.03587276 0.03667679
 0.03620061 0.04124656
 0.03569456 0.04135337
 0.03720086 0.03729964
 0.03781971 0.03638603
 0.03654614 0.03606246
 0.03905489 0.03761429
 0.03932639 0.03650372
 0.03680993 0.03579244
 0.03640897 0.03727914
 0.03507058 0.03810142
 0.0387006  0.03862219
 0.03583415 0.04035237
 0.03768815 0.03599497
 0.03695321 0.03721979
 0.03522585 0.03597838
 0.03601928 0.03639213
 0.03595822 0.03594083
 0.03627636 0.03594327
 0.03685974 0.03755229
 0.03608768 0.03742595
 0.0361866  0.03584097
 0.03972218 0.04234032
 0.04222986 0.03708141
 0.040552   0.04006591
 0.04456232 0.03835144
 0.03925148 0.03655049
 0.0413792  0.03901692
 0.03589287 0.03629272
 0.04226149 0.03695349
 0.03638341 0.03851271
 0.0366693  0.03507701
 0.0363976  0.03598754
 0.03523403 0.03597032
 0.03592414 0.0354484 
 0.03509704 0.03689809
 0.03503527 0.03553341
 0.0359846  0.03680538
 0.03863692 0.04077173
 0.03766096 0.03844371
 0.03523587 0.04123179
 0.03863616 0.03747956
 0.03562833 0.03662508
 0.03647138 0.03582487
 0.0363699  0.03563066
 0.03730819 0.03516664
 0.03763855 0.03986884
 0.03872639 0.04177959
 0.03806391 0.03638007
 0.03693286 0.03811359
 0.03575667 0.04142111
 0.03609834 0.03953995
 0.03541831 0.03730417
 0.03731416 0.03764912
 0.03864747 0.04007754
 0.03644444 0.0358377 
 0.0362046  0.0376814 
 0.0351409  0.03515141
 0.04234008 0.04117106
 0.04019074 0.03770845
 0.03815935 0.03617757
 0.03601042 0.03732209
 0.03747904 0.03782246
 0.03599603 0.03603794
 0.03633753 0.0351197 
 0.03782406 0.03649389
 0.03944699 0.03735411
 0.03932236 0.03787927
 0.03909596 0.04373948
 0.03733909 0.03681403
 0.04316616 0.04375493
 0.04121703 0.03766471
 0.03878705 0.03734891
 0.03519119 0.03822005
 0.03538354 0.0359998 
 0.03708951 0.03611519
 0.03884543 0.03935449
 0.03735741 0.03597901
 0.03766687 0.04073206
 0.03747503 0.04157381
 0.04089614 0.03702504
 0.03692246 0.03695308
 0.03613234 0.03709001
 0.0379324  0.03704914
 0.03884696 0.03743947
 0.03815458 0.0385441 
 0.03515512 0.03540035
 0.03527957 0.03612838
 0.03645793 0.04132129
 0.03514787 0.03800981
 0.03778181 0.03999053
 0.03562983 0.03985208
 0.03503095 0.04472867
 0.03689124 0.03569155
 0.03683835 0.0434622 
 0.03955958 0.03909255
 0.03563479 0.03633337
 0.03686476 0.03747575
 0.03612571 0.03594517
 0.03593602 0.03564043
 0.036865   0.03545257
 0.03513221 0.03672381
 0.0359752  0.03698376
 0.04011446 0.03947691
 0.03519866 0.04112066
 0.03750627 0.03799792
 0.03597059 0.03641004
 0.03515412 0.03782558
 0.03887721 0.03538729
 0.03586346 0.0358415 
 0.03787094 0.03722405
 0.03679705 0.03600797
 0.03748361 0.03595889
 0.03514889 0.03554188
 0.03746291 0.03793451
 0.03589858 0.03595316
 0.0375742  0.035595  
 0.03549545 0.03575534
 0.03633128 0.03531785
 0.03719197 0.03797168
 0.03621594 0.03835812
 0.037413   0.03794938
 0.03682816 0.03985577
 0.03696427 0.03706582
 0.03733221 0.03821969
 0.0376442  0.03949195
 0.03762112 0.04277115
 0.03931338 0.03571358
 0.03718611 0.03689678
 0.03710084 0.03740885
 0.03852846 0.03727091
 0.03614782 0.03868042
 0.0373738  0.03543197
 0.03811314 0.03655557
 0.03669022 0.03675539
 0.03742471 0.03708926
 0.03708592 0.03668437
 0.03591893 0.03805123
 0.035885   0.03688797
 0.0364771  0.03596108
 0.03571036 0.03757314
 0.03511109 0.0369783 
 0.03583895 0.03591733
 0.03661067 0.03640624
 0.0377776  0.03883597
 0.03798297 0.0381385 
 0.03779287 0.0373276 
 0.03761832 0.03789901
 0.03696054 0.03759275
 0.03661726 0.03726683
 0.03694406 0.03668788
 0.03764486 0.03848276
 0.03853375 0.03717039
 0.03753716 0.0390147 
 0.03757044 0.03992867
 0.03634908 0.03705695
 0.03596682 0.03781957
 0.03664021 0.03525991
 0.03589928 0.03990825
 0.03542014 0.03981641
 0.03510692 0.03800044
 0.03514374 0.04057656
 0.03633534 0.03900252
 0.03718759 0.03799548
 0.03792113 0.03501924
 0.03654448 0.03614243
 0.03793021 0.03719853
 0.03826734 0.03799145
 0.0363377  0.03844283
 0.03624238 0.03764746
 0.03596187 0.03853522
 0.03707731 0.03638885
 0.03508623 0.03717806
 0.03596314 0.03648838
 0.03793184 0.0382164 
 0.03786469 0.04030923
 0.03749669 0.04093117
 0.03528476 0.03880804
 0.03565007 0.03761874
 0.03742605 0.04088752
 0.03770387 0.04203788
 0.03711636 0.04080585
 0.03692766 0.04075994
 0.03776232 0.04075456
 0.03601541 0.04055627
 0.03562769 0.03856983
 0.03620284 0.03627109
 0.03838915 0.03863847
 0.03777674 0.04282062
 0.03655571 0.04572825
 0.03594481 0.03840321
 0.03569491 0.03581537
 0.03555611 0.03542417
 0.0350591  0.03759972
 0.03725175 0.03837902
 0.03851183 0.03831252
 0.03830642 0.03824376
 0.03677531 0.03819311
 0.03694376 0.03564208
 0.03661634 0.0401056 
 0.03575716 0.04167895
 0.03592874 0.04247292
 0.03664529 0.03775833
 0.036403   0.03558343
 0.03807901 0.03526283
 0.03505371 0.03713225
 0.03730406 0.03619982
 0.0363494  0.03714294
 0.03636322 0.03768581
 0.03563723 0.04045055
 0.03605213 0.03952626
 0.0353263  0.04033899
 0.03622705 0.03896372
 0.03567643 0.03658696
 0.03544368 0.04092588
 0.03645356 0.03852048
 0.03562056 0.04245714
 0.03540705 0.04154247
 0.03668457 0.03990828
 0.03687149 0.03800662
 0.03678403 0.03613824
 0.03790525 0.03536396
 0.03694159 0.03741642
 0.03557862 0.03733089
 0.0363454  0.0416583 
 0.03641416 0.03513059
 0.0356712  0.03799907
 0.03606872 0.03705431
 0.03757285 0.03537149
 0.0395986  0.03622586
 0.03637226 0.03580675
 0.0353229  0.0368174 
 0.03713396 0.03748387
 0.03673638 0.03918963
 0.03791087 0.03619287
 0.03598455 0.03597703
 0.03852384 0.03648525
 0.03689669 0.03971485
 0.03759612 0.03734147
 0.0360145  0.0379172 
 0.0377069  0.03557996
 0.0366839  0.03833923
 0.03780833 0.03634429
 0.03763187 0.04112012
 0.0373483  0.03795009
 0.0371751  0.0351616 
 0.03610007 0.03775014
 0.03635626 0.04005441
 0.036296   0.03934509
 0.03556216 0.03910291
 0.03671046 0.03753929
 0.03620374 0.03948618
 0.03633713 0.03555602
 0.03695562 0.03731871
 0.03536435 0.03512252
 0.03502382 0.0353287 
 0.03722055 0.03650481
 0.03668284 0.03513638
 0.03604514 0.03578147
 0.03673378 0.0359409 
 0.04046736 0.03749255
 0.03687458 0.03602301
 0.03538855 0.03625841
 0.03581203 0.03541556
 0.03588771 0.03629733
 0.03619171 0.03667212
 0.03793643 0.0352759 
 0.03578644 0.03550866
 0.03573416 0.0382872 
 0.03650357 0.03998017
 0.03616165 0.03887941
 0.0382118  0.0362519 
 0.03720565 0.04279363
 0.03790169 0.04005552
 0.03616523 0.03819712
 0.03613591 0.03728725
 0.03725324 0.03731899
 0.03591388 0.03560215
 0.03628284 0.03749062
 0.0364897  0.04028161
 0.03576799 0.03727152
 0.03524271 0.03567644
 0.03547617 0.03583962
 0.03613568 0.03745584
 0.03530905 0.03519164
 0.03553606 0.03513589
 0.03519537 0.03642225
 0.0359466  0.03872072
 0.03635358 0.03866581
 0.03619082 0.0380565 
 0.03652317 0.03702072
 0.03668918 0.03628369
 0.03657047 0.03580539
 0.036693   0.03624893
 0.0353306  0.0376806 
 0.03530792 0.03536769
 0.03654765 0.03632322
 0.03673404 0.03811783
 0.03606459 0.0384042 
 0.0376311  0.03683684
 0.03553635 0.03610934
 0.0350512  0.03601911
 0.03647673 0.03593562
 0.03668354 0.03535412
 0.03757916 0.03707171
 0.03507184 0.03962139
 0.03576281 0.0408201 
 0.03693938 0.03661736
 0.03638318 0.03667794
 0.03543628 0.03805092
 0.0357704  0.03789687
 0.03797726 0.04122669
 0.03881783 0.03882086
 0.03879952 0.03916296
 0.03622607 0.03941274
 0.03743191 0.04007212
 0.03636539 0.03565332
 0.03522937 0.03841808
 0.03560877 0.03915655
 0.0363196  0.03626236
 0.03849769 0.03619032
 0.03861371 0.03860278
 0.03651102 0.03779397
 0.03549599 0.03561509
 0.03574831 0.0381706 
 0.04081839 0.04026783
 0.03841096 0.04110829
 0.03677    0.04053232
 0.03705139 0.03963294
 0.03683707 0.03523177
 0.03718162 0.04047349
 0.03723058 0.03610772
 0.0367972  0.03507365
 0.03662895 0.03575639
 0.0352827  0.03740554
 0.03620639 0.03602877
 0.03591923 0.03591634
 0.03613006 0.0353874 
 0.03681991 0.03708395
 0.03580955 0.03787889
 0.03805817 0.0362251 
 0.04033554 0.03643007
 0.03512997 0.03613736
 0.03591876 0.0380568 
 0.03818764 0.03899922
 0.03636825 0.03678584
 0.0374811  0.0355475 
 0.03596772 0.0395498 
 0.03865664 0.03504988
 0.03681346 0.03630182
 0.03521084 0.03589594
 0.0355285  0.03528351
 0.03579591 0.03869304
 0.03535667 0.03634525
 0.03619073 0.03507217
 0.03608247 0.03607096
 0.03635111 0.03571667
 0.03772768 0.03662804
 0.03547195 0.03701459
 0.03642343 0.03586309
 0.03757352 0.03537511
 0.03526184 0.03510544
 0.03628477 0.0395056 
 0.03526908 0.03968668
 0.03703203 0.03577205
 0.03612445 0.03701369
 0.03553688 0.03583746
 0.03888914 0.03580856
 0.03502443 0.0364554 
 0.03570927 0.03641997
 0.03663761 0.03601296
 0.03548876 0.03631216
 0.03522719 0.03875421
 0.03658649 0.03676511
 0.03575229 0.03756199
 0.03835273 0.03684495
 0.03683369 0.04164837
 0.03627355 0.03819701
 0.0370843  0.03649186
 0.03713842 0.03548248
 0.03561879 0.03736562
 0.03671518 0.03517801
 0.03582713 0.03560243
 0.03630831 0.03553135
 0.03562029 0.03655651
 0.03768098 0.03530231
 0.03851625 0.03585156
 0.035636   0.03567636
 0.03656875 0.03513975
 0.03707897 0.03843394
 0.03722099 0.0357401 
 0.03650907 0.03661246
 0.03606994 0.03901387
 0.03686935 0.03714282
 0.03635824 0.03725696
 0.03681938 0.04187693
 0.03708021 0.03732687
 0.03602497 0.03783876
 0.0360929  0.03774534
 0.03515266 0.03608818
 0.03533557 0.04218675
 0.03544912 0.04148568
 0.03547099 0.03895217
 0.03730555 0.04273807
 0.03745783 0.04342622
 0.03660189 0.03812406
 0.03753501 0.04068328
 0.03664175 0.0388715 
 0.03616676 0.03749312
 0.03595586 0.04060666
 0.03760824 0.03921302
 0.03757831 0.0374228 
 0.03726318 0.03912864
 0.03659198 0.04002392
 0.03641216 0.03901815
 0.03683142 0.04012458
 0.0382608  0.03869181
 0.03775372 0.03944422
 0.03769165 0.04314782
 0.03747988 0.04273913
 0.03803223 0.0408903 
 0.03775869 0.04127963
 0.03748625 0.03963853
 0.0372488  0.03754015
 0.03526061 0.03990264
 0.03834243 0.0436445 
 0.03780026 0.03880672
 0.03697584 0.03521474
 0.0371967  0.04050413
 0.03763815 0.03767512
 0.03789501 0.03844228
 0.03696749 0.04111378
 0.03832232 0.03859453
 0.03553503 0.03570469
 0.03753982 0.03690718
 0.03788237 0.03626895
 0.03790203 0.03518589
 0.03586356 0.0376567 
 0.03722789 0.0359681 
 0.03645442 0.03534781
 0.03921089 0.04037441
 0.035778   0.04238937
 0.0365798  0.03739225
 0.03728253 0.0352138 
 0.03723053 0.03715168
 0.03663036 0.03770116
 0.03732654 0.04312573
 0.03785508 0.03831314
 0.03881629 0.04263198
 0.03742296 0.0393745 
 0.03714947 0.04167661
 0.03648125 0.03521189
 0.03700943 0.03510004
 0.03833107 0.0393427 
 0.03591232 0.04142574
 0.03748623 0.04022966
 0.0360446  0.03930314
 0.03799693 0.03984601
 0.03743035 0.04093238
 0.03611302 0.03614626
 0.03635149 0.03559846
 0.03617639 0.03682959
 0.03710302 0.03869968
 0.03694499 0.03719497
 0.03879976 0.04302416
 0.03535818 0.03511748
 0.03653388 0.03575367
 0.03704043 0.03670428
 0.03707542 0.03570336
 0.03875268 0.03553623
 0.0364414  0.03569135
 0.03604092 0.03512761
 0.03601809 0.03587803
 0.03588686 0.03531805
 0.03897412 0.03668778
 0.03810792 0.0386148 
 0.03520897 0.03585059
 0.0362609  0.04052768
 0.03666823 0.03782491
 0.03646637 0.03583578
 0.03744783 0.03885499
 0.036212   0.03663906
 0.03645566 0.04227037
 0.03586327 0.03640808
 0.03529147 0.04097241
 0.03730391 0.03621702
 0.03525124 0.03575372
 0.03607968 0.03833367
 0.03749756 0.0377057 
 0.03512989 0.03625631
 0.03761186 0.03520057
 0.03504952 0.03604894
 0.03596351 0.0353936 
 0.03642277 0.03705127
 0.03878437 0.03692795
 0.03561896 0.03540147
 0.03626001 0.03936347
 0.03704745 0.03503768
 0.03621519 0.03777431
 0.03732469 0.04102189
 0.03735478 0.03985259
 0.03587145 0.03595399
 0.03545853 0.04017255
 0.03732558 0.03566538
 0.03650469 0.03842092
 0.03673767 0.04131576
 0.03730228 0.03586356
 0.03901256 0.03819631
 0.03846962 0.03815756
 0.03689852 0.03768891
 0.03625518 0.0423437 
 0.0379969  0.04228552
 0.03715951 0.04200554
 0.03581919 0.03653548
 0.03570739 0.04040599
 0.03734738 0.04084177
 0.03598126 0.0354853 
 0.0356828  0.03922208
 0.03705532 0.03967758
 0.03641334 0.03667515
 0.03603348 0.03794254
 0.03569949 0.03697939
 0.0369265  0.03592841
 0.03578034 0.03558856
 0.03675925 0.0351232 
 0.03568598 0.03608979
 0.03734795 0.03668129
 0.03628238 0.03611135
 0.03583756 0.03698417
 0.03655595 0.03635827
 0.03617972 0.03548507
 0.03672062 0.03615949
 0.03557998 0.03764386
 0.03667193 0.0396294 
 0.03674477 0.03621785
 0.03764911 0.03916656
 0.03603505 0.03660934
 0.03682479 0.04057693
 0.03647059 0.03785082
 0.03647538 0.0392103 
 0.0365089  0.04070096
 0.03649385 0.03879432
 0.0360654  0.03610706
 0.03648772 0.0382734 
 0.03705338 0.03879394
 0.03666252 0.0396619 
 0.0359774  0.03961577
 0.03712069 0.03663556
 0.03627712 0.03636576
 0.03629036 0.03591142
 0.03514571 0.03614988
 0.03640168 0.03697697
 0.03566576 0.03570297
 0.03698819 0.04022309
 0.03614362 0.03704869
 0.0365351  0.03694729
 0.03748512 0.03885576
 0.03731528 0.03826084
 0.03639562 0.04031027
 0.03730053 0.04040352
 0.03572697 0.03774667
 0.03640133 0.03851645
 0.03771909 0.04070013
 0.03686228 0.03883243
 0.03584998 0.03868862
 0.03643386 0.03957827
 0.03753088 0.04045352
 0.03693567 0.04110463
 0.03614247 0.03906997
 0.03629286 0.03579365
 0.03740163 0.03771194
 0.0371189  0.0378781 
 0.03623725 0.03891163
 0.03678881 0.03730801
 0.03760771 0.03716538
 0.03740343 0.04078704
 0.03502657 0.0365444 
 0.03679559 0.03723326
 0.0372097  0.03566965
 0.03560383 0.03612649
 0.03668984 0.03520507
 0.03611743 0.03687226
 0.03589833 0.03527166
 0.03533656 0.03635658
 0.04041568 0.03678215
 0.03603656 0.03511593
 0.0365334  0.03849683
 0.03888362 0.04163083
 0.04174658 0.03737009
 0.03627864 0.0402625 
 0.043261   0.0392745 
 0.04047557 0.03896227
 0.04133734 0.04170141
 0.03541238 0.03845918
 0.03623726 0.0401576 
 0.03642505 0.0381957 
 0.03674497 0.0397909 
 0.03537174 0.03870653
 0.03598907 0.03560729
 0.03508895 0.03733617
 0.03516275 0.0360051 
 0.03512026 0.03697034
 0.03555711 0.0361759 
 0.03657052 0.03713642
 0.03513347 0.03553397
 0.03557567 0.03577334
 0.03610431 0.03582285
 0.03595474 0.0386796 
 0.03587697 0.04185534
 0.03525582 0.03629846
 0.03615401 0.03678682
 0.03683901 0.04104857
 0.03519793 0.03728741
 0.03580705 0.03989217
 0.03547144 0.0431087 
 0.03708406 0.03777819
 0.0365631  0.03731576
 0.03566433 0.03775446
 0.03694217 0.03958463
 0.03692676 0.03633301
 0.03670884 0.04057138
 0.03678237 0.03788785
 0.03561081 0.04325093
 0.03625475 0.04335196
 0.03572378 0.04694553
 0.03553195 0.03733359
 0.0364052  0.04080324
 0.03674927 0.04724732
 0.03704366 0.04306434
 0.03709865 0.04198785
 0.03628006 0.04070472
 0.03668277 0.03705211
 0.03718727 0.03951893
 0.03598654 0.03896702
 0.03573124 0.03825063
 0.03702231 0.03748277
 0.03540144 0.03990884
 0.03683114 0.03692019
 0.03596549 0.04101085
 0.03575135 0.03884373
 0.03634229 0.03828329
 0.03650717 0.03657058
 0.03623062 0.03970805
 0.03505273 0.03875919
 0.039794   0.03556007
 0.03820837 0.03924621
 0.03562261 0.03835335
 0.03522608 0.03818098
 0.03553495 0.04186031
 0.03569491 0.03711849
 0.0358757  0.03624954
 0.03539786 0.03689558
 0.03896258 0.03848288
 0.03652195 0.03880506
 0.03605115 0.03619375
 0.03638537 0.04193413
 0.035626   0.0395686 
 0.03580763 0.03979567
 0.03551797 0.04037508
 0.03565743 0.04110377
 0.0356013  0.04066949
 0.03734986 0.03547643
 0.0355344  0.03514836
 0.03622853 0.03864549
 0.03576643 0.03907755
 0.0367804  0.03534263
 0.03636397 0.03560976
 0.03531648 0.03664649
 0.03569724 0.03695691
 0.03632472 0.03529133
 0.03848315 0.03604497
 0.03716782 0.04129006
 0.03529112 0.03546662
 0.03574207 0.03834009
 0.0369029  0.04003015
 0.0351005  0.04260527
 0.03697131 0.04080389
 0.03596288 0.04249154
 0.03672855 0.03707674
 0.03553948 0.04029308
 0.04354599 0.04145587
 0.0387633  0.04130954
 0.04727823 0.03839557
 0.04238914 0.03587157
 0.03912999 0.03933235
 0.03735092 0.03596172
 0.04573885 0.0382049 
 0.03995537 0.03895505
 0.04088557 0.04099771
 0.04015054 0.03974528
 0.04471935 0.03932697
 0.04488716 0.03571647
 0.03682576 0.03768457
 0.03583491 0.03689364
 0.03580876 0.03640562
 0.0415217  0.03691139
 0.03609278 0.03826804
 0.03544773 0.03954082
 0.03580582 0.03775855
 0.03699362 0.03844414
 0.03909132 0.03573272
 0.03916802 0.04108739
 0.0419827  0.03792775
 0.0428352  0.03814384
 0.04393686 0.0411284 
 0.04054632 0.03891298
 0.03621965 0.035347  
 0.03586572 0.03615512
 0.03807874 0.03730368
 0.04310726 0.03579653
 0.04518455 0.04188671
 0.04293877 0.0418289 
 0.03975537 0.03932063
 0.03728785 0.03706956
 0.03542712 0.03607688
 0.03781898 0.03831072
 0.03593169 0.03882139
 0.03535798 0.03947042
 0.03775819 0.03831551
 0.03577064 0.03597332
 0.03826665 0.03926052
 0.03875699 0.03701347
 0.03589013 0.03704639
 0.03569884 0.03980611
 0.03667484 0.04016897
 0.03977402 0.04096495
 0.0426621  0.04504017
 0.03884783 0.03950918
 0.03518622 0.03571263
 0.03783763 0.03570217
 0.04087338 0.04003061
 0.04040729 0.03592584
 0.04031532 0.03723076
 0.04487104 0.03600009
 0.04438718 0.03557242
 0.04418015 0.03521421
 0.03988427 0.03806317
 0.03546146 0.03684566
 0.03593187 0.0381508 
 0.03739329 0.04369619
 0.03715085 0.03665341
 0.03656757 0.03694494
 0.03691653 0.03557361
 0.03625611 0.03946213
 0.03553681 0.03813745
 0.03536887 0.03995022
 0.03557431 0.03903814
 0.03516525 0.03652947
 0.03919591 0.03828168
 0.04227341 0.03506891
 0.04018161 0.03565234
 0.04016887 0.03650062
 0.03618879 0.03780983
 0.03762925 0.03782084
 0.03580177 0.03556221
 0.03576659 0.03779013
 0.03782539 0.03754   
 0.0353434  0.03744372
 0.03610638 0.04028936
 0.0377688  0.04056543
 0.03637131 0.04535554
 0.03518467 0.04299925
 0.03524788 0.03735743
 0.03619823 0.03846887
 0.03592531 0.0430632 
 0.03578491 0.04447908
 0.03629737 0.04132542
 0.03645208 0.04195844
 0.03620521 0.04436687
 0.03673243 0.04265071
 0.03602095 0.0380553 
 0.03659128 0.0392651 
 0.03744232 0.04394433
 0.03550594 0.04215682
 0.03517748 0.04060435
 0.03594898 0.03511857
 0.03559616 0.03632256
 0.04048014 0.03843868
 0.03966878 0.03713675
 0.04112243 0.0374316 
 0.03830647 0.03738914
 0.03652092 0.0352161 
 0.03696029 0.035114  
 0.03516016 0.04211568
 0.03722402 0.04261089
 0.03556313 0.04087062
 0.03600857 0.03560734
 0.03577378 0.03629597
 0.04099268 0.03943035
 0.04454758 0.03825512
 0.03937074 0.04066237
 0.03550199 0.03672737
 0.03524466 0.04157525
 0.03503687 0.03651493
 0.03700531 0.03807894
 0.03746414 0.04157786
 0.04072309 0.03816064
 0.0383404  0.03970318
 0.03779503 0.04049422
 0.03714677 0.04240505
 0.03855388 0.03971344
 0.0386642  0.03961537
 0.03997594 0.03776676
 0.03509199 0.03504445
 0.03619963 0.03707276
 0.03579751 0.03662963
 0.03963694 0.03541895
 0.03792198 0.03796532
 0.03784176 0.03626654
 0.03610736 0.03771901
 0.03629933 0.03645632
 0.03589175 0.03669773
 0.03512467 0.03713468
 0.0357097  0.03803787
 0.04278923 0.03778154
 0.04665473 0.03575905
 0.04732284 0.03884179
 0.03998022 0.03710068
 0.04511069 0.0359931 
 0.05326084 0.04039197
 0.05210157 0.04031656
 0.04530228 0.04350789
 0.03647479 0.04193768
 0.04001831 0.04162963
 0.04100683 0.03997373
 0.0393029  0.03967642
 0.03809369 0.0385888 
 0.04430958 0.04062645
 0.04670164 0.03739381
 0.04642867 0.03643484
 0.04070094 0.03698809
 0.03504799 0.03802825
 0.03944457 0.03901434
 0.04152849 0.0366617 
 0.04151804 0.04183332
 0.03981745 0.04341184
 0.03626361 0.04090475
 0.0421709  0.03841181
 0.04169385 0.03643459
 0.03975651 0.03941532
 0.03561729 0.04093049
 0.03846743 0.03944116
 0.03745399 0.03884271
 0.03569253 0.03823075
 0.0378648  0.03781884
 0.03978842 0.03936638
 0.03819678 0.03712197
 0.0366278  0.04024973
 0.03947479 0.04053076
 0.03902209 0.03681584
 0.03782905 0.04300027
 0.03582276 0.04020914
 0.0359097  0.03721183
 0.03507322 0.04055727
 0.03620016 0.0384985 
 0.03662092 0.03815123
 0.03717538 0.03835405
 0.03533328 0.03723855
 0.03584616 0.03796856
 0.03521846 0.03808904
 0.03604395 0.03776202
 0.03547815 0.03727532
 0.03623102 0.03950025
 0.03517619 0.0401299 
 0.03770185 0.0363218 
 0.03628528 0.03571238
 0.03605243 0.03794004
 0.03787371 0.03587574
 0.03818997 0.03657751
 0.03879881 0.03535456
 0.03811683 0.03798748
 0.03687292 0.03659538
 0.03567845 0.03888921
 0.03568992 0.03911737
 0.03717352 0.03962046
 0.0367591  0.03677332
 0.03987315 0.03737798
 0.04046063 0.0380356 
 0.04208704 0.035279  
 0.04392651 0.03579614
 0.04168729 0.03871808
 0.03508371 0.03990873
 0.04058052 0.03543238
 0.0369795  0.03827521
 0.03616431 0.03913497
 0.03994369 0.03601747
 0.04251953 0.03579291
 0.04290795 0.03707362
 0.0415431  0.03678005
 0.03775281 0.03897672
 0.03567091 0.03603683
 0.03511578 0.039337  
 0.03810906 0.04284541
 0.04014922 0.03768172
 0.0410139  0.0350412 