0.03787266 0.04456718
 0.03747839 0.04543418
 0.03750674 0.04409119
 0.03791805 0.04237043
 0.03797497 0.04122836
 0.03828837 0.03987394
 0.03907573 0.03999167
 0.04155631 0.03744106
 0.04118646 0.03923702
 0.03706161 0.04213194
 0.03593543 0.04215773
 0.03562034 0.03830599
 0.03555547 0.04029444
 0.03503659 0.03966685
 0.03623886 0.03874411
 0.03598765 0.03823539
 0.03666754 0.03510462
 0.03785491 0.03548765
 0.03793894 0.03728748
 0.03537586 0.03644555
 0.03806282 0.03718959
 0.03877116 0.03665585
 0.03786451 0.03916447
 0.03778881 0.03720788
 0.03638189 0.03738081
 0.03633234 0.03508095
 0.03562902 0.03647486
 0.03690251 0.03760856
 0.03631703 0.03670418
 0.03824581 0.03898154
 0.03985918 0.03881835
 0.03821887 0.03650487
 0.03904795 0.03675108
 0.03596666 0.03724428
 0.03542086 0.03667824
 0.0354397  0.03569559
 0.03632489 0.03628176
 0.03717879 0.0353274 
 0.03694633 0.03527659
 0.03685847 0.03555008
 0.03715168 0.03563287
 0.03638265 0.03629983
 0.03647885 0.03793633
 0.03510734 0.03637961
 0.03845165 0.03805038
 0.04039311 0.03893513
 0.04184562 0.03963508
 0.04216579 0.04129944
 0.04208971 0.04404236
 0.03954402 0.04490203
 0.03598852 0.0469217 
 0.04115865 0.04091182
 0.0428847  0.03988327
 0.04494133 0.03923791
 0.04022275 0.03705255
 0.03760032 0.0487413 
 0.0366657  0.04617997
 0.03660744 0.04405773
 0.0373363  0.03821352
 0.03616861 0.03687487
 0.04121581 0.0356743 
 0.04835611 0.03540479
 0.04916273 0.03618105
 0.03854461 0.03640338
 0.03841479 0.04029994
 0.04354016 0.03517091
 0.04213693 0.03504947
 0.03872469 0.03504392
 0.03547865 0.03599569
 0.03551628 0.03518231
 0.03549478 0.03511861
 0.0356253  0.04156842
 0.03845723 0.03831188
 0.0374494  0.03536334
 0.0392062  0.03511474
 0.03825019 0.03609038
 0.03928713 0.03833295
 0.0388201  0.03925369
 0.0382818  0.04081675
 0.03756861 0.04204253
 0.0367047  0.04036321
 0.04069458 0.03577537
 0.04316803 0.03684582
 0.04330277 0.03698114
 0.0393173  0.03578498
 0.03550403 0.04251797
 0.03820245 0.03769809
 0.03954969 0.03794015
 0.03630685 0.03728433
 0.03688048 0.03564053
 0.04182227 0.03633725
 0.04432536 0.03633234
 0.04760844 0.03835972
 0.04434206 0.0374992 
 0.04979665 0.03747477
 0.04392018 0.03550305
 0.0415128  0.03539921
 0.03830931 0.03779636
 0.03905195 0.03650165
 0.03677723 0.036275  
 0.03637676 0.03638686
 0.03612061 0.03579643
 0.03695667 0.03650741
 0.0391449  0.03575384
 0.0427293  0.03522028
 0.04297297 0.03594711
 0.04365792 0.03574575
 0.04255575 0.03586597
 0.04240748 0.03561511
 0.03936087 0.03623831
 0.03507315 0.03712601
 0.03684384 0.0361165 
 0.0351036  0.03598082
 0.03796223 0.0361532 
 0.04173832 0.03508224
 0.04450557 0.03537503
 0.04586341 0.03528193
 0.04386967 0.0356127 
 0.04060384 0.03711102
 0.03646307 0.0350825 
 0.03902017 0.03588219
 0.04034694 0.03739208
 0.04133198 0.03570089
 0.03979307 0.03788622
 0.03638569 0.03582079
 0.0354181  0.03777695
 0.03871471 0.03521488
 0.03851083 0.03555428
 0.04180314 0.03684089
 0.03806993 0.03710911
 0.03523296 0.03513584
 0.03595708 0.03770878
 0.03504568 0.03712437
 0.03589284 0.03829005
 0.03682742 0.03702276
 0.03885112 0.0351463 
 0.03865815 0.03567382
 0.03863527 0.0350614 
 0.03701376 0.03691474
 0.03553262 0.03754691
 0.03857847 0.0394151 
 0.03922426 0.04244306
 0.03883196 0.04175283
 0.03796047 0.03726699
 0.03754754 0.03994898
 0.03810932 0.03766058
 0.03618876 0.036759  
 0.03609361 0.03894274
 0.03815875 0.03618165
 0.04084443 0.03744299
 0.0389916  0.03610109
 0.04565398 0.03978065
 0.04202801 0.03890823
 0.03727064 0.03678696
 0.03508842 0.0350653 
 0.0378175  0.03895241
 0.03501777 0.03686389
 0.03822507 0.0393016 
 0.03539478 0.03668219
 0.03641349 0.04112212
 0.0385709  0.03550323
 0.03812188 0.03540803
 0.04001135 0.03644462
 0.03920061 0.03624202
 0.03665548 0.03683067
 0.0363467  0.03573324
 0.03914918 0.03503077
 0.03664014 0.03682801
 0.03693414 0.03907309
 0.03663077 0.03595272
 0.04032877 0.03653661
 0.0419979  0.03822096
 0.04253782 0.03709845
 0.04006419 0.03633551
 0.04089429 0.03582061
 0.04028308 0.03778383
 0.04083616 0.03552767
 0.03795264 0.03925832
 0.03555265 0.03575024
 0.03621671 0.03760146
 0.03536765 0.03911304
 0.035041   0.0387428 
 0.03654441 0.03592392
 0.04079256 0.03521365
 0.03930514 0.03556926
 0.03850146 0.03581169
 0.03673607 0.03875677
 0.03565949 0.03677545
 0.03585468 0.03682116
 0.03645502 0.03914961
 0.0364861  0.03638926
 0.03867198 0.03693141
 0.03828619 0.03646343
 0.0390379  0.03547949
 0.03651351 0.0362367 
 0.03770582 0.03545657
 0.03839719 0.03571832
 0.03991426 0.03537435
 0.04253764 0.03522178
 0.04013248 0.03687952
 0.04012147 0.03604379
 0.03514092 0.03597218
 0.03721623 0.03604134
 0.04179205 0.03629741
 0.04382693 0.03854275
 0.04195323 0.03770287
 0.03873059 0.03630719
 0.03702819 0.03767561
 0.03740736 0.03715439
 0.03669481 0.0360808 
 0.03793824 0.03656066
 0.03749552 0.03647146
 0.0369277  0.03508197
 0.03789021 0.03530067
 0.04079014 0.03643399
 0.03950223 0.03549921
 0.0387278  0.03691162
 0.03566511 0.03632104
 0.0418571  0.03583568
 0.04392712 0.03820236
 0.04494376 0.03914333
 0.04418503 0.0380996 
 0.03970317 0.03986813
 0.03801576 0.03756676
 0.0366835  0.03540822
 0.03647409 0.03524772
 0.03775004 0.04214554
 0.04188018 0.03790553
 0.04993235 0.03840237
 0.04367422 0.04276226
 0.04396027 0.04123178
 0.03658196 0.04284672
 0.03974251 0.04220396
 0.04448765 0.04124264
 0.0432234  0.04345334
 0.04304601 0.04752821
 0.0536448  0.04101974
 0.05052045 0.03670969
 0.04822683 0.03775807
 0.04545702 0.03884702
 0.03879885 0.03730366
 0.03636246 0.03773678
 0.03794783 0.03653118
 0.03861847 0.03827273
 0.03513383 0.03692243
 0.03717557 0.04046261
 0.03784312 0.03837473
 0.03835167 0.0407381 
 0.03994875 0.04041131
 0.04169894 0.04044496
 0.04108808 0.04634439
 0.04180912 0.04454258
 0.04080231 0.05431165
 0.04057334 0.04337556
 0.0407172  0.04127954
 0.04167941 0.04054654
 0.04269299 0.04044268
 0.0448755  0.04291986
 0.0448411  0.04146043
 0.03540043 0.04167955
 0.03853753 0.04769035
 0.03690585 0.0445279 
 0.03693742 0.04398424
 0.04373103 0.04250084
 0.03888682 0.03886471
 0.04552114 0.04613654
 0.04540902 0.03936877
 0.03726642 0.03738704
 0.0454284  0.03776341
 0.04442582 0.03894632
 0.04083395 0.03816918
 0.03738102 0.0390716 
 0.04008174 0.04023873
 0.04266685 0.04172605
 0.04564446 0.04157092
 0.04462686 0.04269386
 0.04311188 0.04245509
 0.04235598 0.04268522
 0.03918062 0.04418555
 0.03538664 0.0477421 
 0.03650822 0.04466501
 0.03902796 0.046813  
 0.03957907 0.04191208
 0.03882814 0.04033882
 0.03775191 0.04113476
 0.03803673 0.03901277
 0.03785113 0.04159851
 0.03602505 0.0388353 
 0.03513308 0.04178701
 0.0350493  0.03984167
 0.03687596 0.04037418
 0.03747696 0.03700634
 0.03738159 0.03677195
 0.03711685 0.03660964
 0.03715391 0.03711059
 0.03771612 0.03690911
 0.03644304 0.03602061
 0.035631   0.03846746
 0.03635113 0.03550354
 0.03746997 0.03546214
 0.03756476 0.03515892
 0.03685408 0.03523254
 0.03660069 0.03611205
 0.03666484 0.03508858
 0.03727173 0.03619872
 0.03850353 0.03661363
 0.03903444 0.03589898
 0.03938119 0.03659651
 0.03973887 0.03796618
 0.037412   0.0399529 
 0.0352007  0.04080736
 0.03657921 0.04147091
 0.03960848 0.03939055
 0.04057243 0.04156362
 0.0409827  0.0419849 
 0.03814567 0.04132155
 0.03546058 0.04061722
 0.03567293 0.04178562
 0.03639615 0.04145953
 0.03774727 0.04118477
 0.03844278 0.04211115
 0.04021948 0.04271062
 0.03961614 0.0424791 
 0.03885    0.03994323
 0.03981069 0.0411933 
 0.03854549 0.04138494
 0.03745557 0.04152346
 0.03669944 0.04292399
 0.03638527 0.0437244 
 0.03563661 0.04522663
 0.03529818 0.0438093 
 0.03593854 0.04430382
 0.03621294 0.0445441 
 0.03647466 0.04313264
 0.03589124 0.04520606
 0.0361459  0.0411142 
 0.03568334 0.04164311
 0.03609513 0.04505978
 0.03553614 0.04338028
 0.03508881 0.04221224
 0.03579856 0.04209052
 0.03509355 0.04242742
 0.03646898 0.03992261
 0.0363787  0.03719445
 0.03603515 0.03711481
 0.03541873 0.03832358
 0.03579964 0.03780318
 0.03757846 0.03525946
 0.03726176 0.03737043
 0.0377631  0.03767746
 0.03749009 0.03676087
 0.03645811 0.03684796
 0.03686084 0.03602578
 0.03596692 0.0366291 
 0.03509322 0.03855162
 0.03690375 0.03562532
 0.03757808 0.0386245 
 0.03698068 0.03954384
 0.03649625 0.0401479 
 0.03645089 0.03921627
 0.03799631 0.03736129
 0.03861557 0.03788424
 0.03640103 0.036393  
 0.0374759  0.03667875
 0.03785288 0.03785403
 0.03778198 0.03885204
 0.03836687 0.03755274
 0.0438675  0.03733363
 0.04174103 0.03758024
 0.04030089 0.03884609
 0.03672526 0.03814121
 0.03513132 0.03876106
 0.0358374  0.04040702
 0.03768513 0.03794862
 0.03748108 0.03732789
 0.03645214 0.03998561
 0.03603913 0.03898499
 0.03660183 0.03686766
 0.03623565 0.03892965
 0.03581027 0.03891585
 0.03549465 0.03829743
 0.03754007 0.03778279
 0.03800002 0.03850617
 0.03722622 0.03835176
 0.03726456 0.03825813
 0.03526049 0.03832362
 0.03573355 0.0380768 
 0.03833064 0.04098704
 0.0377498  0.0391521 
 0.03797844 0.03796317
 0.03740757 0.03678449
 0.03991216 0.03812554
 0.03935618 0.03887234
 0.03662724 0.03934426
 0.03941376 0.03875847
 0.03881023 0.04028124
 0.03888923 0.03810755
 0.04061261 0.03693279
 0.04035317 0.03632172
 0.03798906 0.03715931
 0.03754118 0.04455958
 0.03675008 0.04031707
 0.03540646 0.04031996
 0.03527512 0.03687651
 0.03858741 0.03765647
 0.04013661 0.03664643
 0.04287362 0.03597432
 0.0409664  0.04162627
 0.03834046 0.03553601
 0.03583811 0.03675902
 0.03712165 0.0356651 
 0.03952791 0.03868172
 0.04003172 0.03943577
 0.03632554 0.04195466
 0.03557306 0.0425038 
 0.03520229 0.03892585
 0.03912775 0.03688719
 0.04231195 0.03573132
 0.04536094 0.03707449
 0.045931   0.03861106
 0.04198324 0.03725904
 0.03755571 0.03532653
 0.03525341 0.0374464 
 0.03710742 0.03529403
 0.03809877 0.03570097
 0.04014611 0.03510604
 0.03871124 0.0350512 
 0.03618878 0.03725374
 0.03887357 0.03506055
 0.03732992 0.03531406
 0.04063645 0.03586638
 0.0373485  0.03807941
 0.03610445 0.03780922
 0.0357452  0.0392259 
 0.03744899 0.03549997
 0.03887268 0.03880786
 0.03619922 0.03639234
 0.03713401 0.03589829
 0.03643189 0.03915621
 0.03592046 0.03641534
 0.03663182 0.03811566
 0.03624836 0.03621543
 0.03662644 0.03679579
 0.03511657 0.04012839
 0.03560379 0.04086178
 0.03567684 0.03586178
 0.0354373  0.03645117
 0.03627757 0.0376211 
 0.03571752 0.03797544
 0.03527544 0.04453428
 0.03550813 0.04046692
 0.03591655 0.03587174
 0.03593216 0.0399536 
 0.03538416 0.03869957
 0.03532834 0.03746743
 0.03564488 0.04008971
 0.03599612 0.03596729
 0.04010645 0.03742137
 0.03986058 0.03577339
 0.04185801 0.03594294
 0.04478069 0.03829668
 0.03761654 0.03626682
 0.04564705 0.03824741
 0.04374976 0.03519317
 0.04686693 0.04192233
 0.03816198 0.03863776
 0.0362132  0.03612912
 0.03508258 0.03537645
 0.03532329 0.03683477
 0.03536865 0.03637432
 0.03645737 0.04176917
 0.0386893  0.0393114 
 0.03739928 0.0366742 
 0.0359879  0.04413614
 0.03509794 0.04271515
 0.03524452 0.04083341
 0.03631782 0.0418288 
 0.03771547 0.04102869
 0.03883153 0.04075986
 0.03838531 0.04195558
 0.03865552 0.04277237
 0.03910581 0.03878345
 0.04025357 0.04028869
 0.03928994 0.0437448 
 0.0393921  0.04632725
 0.04261763 0.04177628
 0.04265249 0.03938904
 0.04026448 0.04078328
 0.03749463 0.04405136
 0.03555769 0.03839268
 0.03795327 0.0399733 
 0.03932788 0.04129065
 0.03940457 0.0376248 
 0.03888971 0.03682937
 0.04084094 0.03812397
 0.04495379 0.03936666
 0.0421636  0.03776589
 0.03742522 0.0352395 
 0.03654065 0.0417359 
 0.03795561 0.03987746
 0.03626212 0.03889687
 0.03623115 0.03597087
 0.03811709 0.03824502
 0.04055668 0.03819091
 0.0423663  0.03636076
 0.04388841 0.03634328
 0.04520856 0.03626129
 0.04483716 0.03603799
 0.04305612 0.03524867
 0.03837961 0.03666473
 0.03702002 0.03564435
 0.04064381 0.03581252
 0.04117238 0.0379875 
 0.04186898 0.03643005
 0.04228986 0.03524826
 0.04554424 0.03648499
 0.04650244 0.03772327
 0.04863641 0.03637674
 0.04792403 0.03706506
 0.0437144  0.03717073
 0.03819552 0.0383093 
 0.03659624 0.03743175
 0.03544531 0.03501789
 0.03549358 0.03706373
 0.03611266 0.0364311 
 0.0421349  0.0356399 
 0.04603489 0.03627351
 0.04755448 0.03561184
 0.04658147 0.03651422
 0.04631434 0.03761049
 0.04234259 0.03558407
 0.04004011 0.03620431
 0.03823751 0.03731269
 0.03682037 0.03659935
 0.03786158 0.03740104
 0.04187338 0.0354342 
 0.04270783 0.03594318
 0.04370638 0.03758517
 0.04231415 0.03604715
 0.04322369 0.03555285
 0.04037495 0.0358349 
 0.03535094 0.03780518
 0.03907068 0.03798966
 0.04043413 0.03686789
 0.03928917 0.03622146
 0.03780655 0.03675412
 0.04152723 0.03836362
 0.04109088 0.03725582
 0.04012886 0.03910029
 0.036901   0.03925478
 0.03787524 0.03890083
 0.03755833 0.03973592
 0.03551286 0.04148667
 0.03547751 0.04072355
 0.03726702 0.03857158
 0.03816196 0.03506221
 0.03890225 0.03614261
 0.03642652 0.03945843
 0.03828891 0.03813773
 0.03881775 0.03996747
 0.03946619 0.03800576
 0.04086833 0.03813799
 0.04109114 0.03684164
 0.04311006 0.03533939
 0.0427894  0.03573882
 0.0391731  0.03565301
 0.03888486 0.03557274
 0.03702238 0.03718817
 0.03742509 0.03577146
 0.0377368  0.03561271
 0.03936692 0.03513049
 0.03846949 0.03693426
 0.03896064 0.03590749
 0.03757987 0.03577418
 0.03554732 0.03792278
 0.03655937 0.03549428
 0.03756595 0.0356447 
 0.03946348 0.03806302
 0.04065281 0.03681394
 0.04556838 0.03659819
 0.04440568 0.03723519
 0.03750992 0.03580816
 0.03616235 0.03989913
 0.03530498 0.04025601
 0.03636257 0.04004856
 0.03616973 0.03999472
 0.03674903 0.03780485
 0.03716566 0.03718665
 0.0359017  0.04281748
 0.0354574  0.0393592 
 0.03582493 0.04077911
 0.03754111 0.04118242
 0.04392146 0.03953234
 0.03531945 0.03577814
 0.0359229  0.03677176
 0.03746521 0.03577114
 0.04141923 0.03694032
 0.04502392 0.03647448
 0.04672398 0.04027084
 0.04443659 0.04213613
 0.0400143  0.03911993
 0.03722415 0.0426431 
 0.04295757 0.03829255
 0.04087288 0.03805114
 0.03977328 0.03871858
 0.03857703 0.04014675
 0.03799938 0.03731725
 0.03649531 0.03713842
 0.03708832 0.03820899
 0.03723932 0.03852758
 0.03618078 0.03835735
 0.03503688 0.03917078
 0.03723617 0.03964097
 0.03538217 0.03895223
 0.03567325 0.03951272
 0.03845523 0.03900404
 0.04007916 0.03604091
 0.04204468 0.03863079
 0.04120331 0.03694222
 0.04411719 0.03774763
 0.03639513 0.03777647
 0.04367111 0.03695574
 0.0393341  0.03934271
 0.03574048 0.03933969
 0.03627323 0.03507012
 0.03642931 0.03813441
 0.03682267 0.04341377
 0.03769816 0.03902045
 0.03553471 0.03948865
 0.03711047 0.03748419
 0.03799964 0.03501879
 0.03740916 0.0351451 
 0.03742161 0.03610374
 0.04217198 0.03521246
 0.0414568  0.03624293
 0.04209529 0.03555458
 0.04252962 0.03513829
 0.03829944 0.03760583
 0.03682775 0.04008961
 0.03637128 0.03829268
 0.03666816 0.03819665
 0.03675388 0.03740399
 0.03703657 0.03889398
 0.03830297 0.03752314
 0.04176404 0.04034835
 0.04066286 0.04033886
 0.03937636 0.03873801
 0.03903714 0.03905482
 0.03847378 0.03788255
 0.0373041  0.04028098
 0.03644897 0.04018341
 0.03578462 0.03999613
 0.03599343 0.03984847
 0.03691114 0.03822204
 0.03775777 0.03896406
 0.03665084 0.04120183
 0.03801828 0.03838151
 0.03728385 0.03974336
 0.03766312 0.03909013
 0.03872044 0.03950903
 0.03881999 0.03822404
 0.03637468 0.0385007 
 0.03641237 0.03821169
 0.03741372 0.03875707
 0.03822231 0.03626181
 0.0360985  0.03777547
 0.03590353 0.03834146
 0.03624373 0.0383816 
 0.03635439 0.03866968
 0.03653054 0.03828979
 0.03602722 0.04020301
 0.03638845 0.03846107
 0.0357489  0.03551523
 0.03633905 0.03530177
 0.03776138 0.03679015
 0.03573889 0.03518497
 0.03691602 0.03664196
 0.03702331 0.03678761
 0.03706581 0.03886549
 0.03709594 0.04022472
 0.03639796 0.03833526
 0.03574704 0.04045805
 0.03628512 0.03721045
 0.04082952 0.03636993
 0.03874843 0.03589794
 0.03868092 0.03622002
 0.03645478 0.03704055
 0.03709791 0.03913599
 0.03908709 0.03748382
 0.04432175 0.03641007
 0.0423718  0.0359749 
 0.03711029 0.03632737
 0.03717784 0.04411947
 0.03595578 0.04060035
 0.04059851 0.0403906 
 0.04279145 0.03889055
 0.04339071 0.04439185
 0.04273994 0.04285862
 0.04153108 0.03957428
 0.04380542 0.04316936
 0.04041208 0.04026043
 0.03974366 0.038124  
 0.03983769 0.03615757
 0.03816235 0.04494266
 0.03921627 0.03962515
 0.03597319 0.03655235
 0.03597699 0.03510032
 0.04105506 0.04617038
 0.03656017 0.04034347
 0.03857666 0.03939603
 0.03578579 0.03650016
 0.03629021 0.037379  
 0.03610705 0.03662192
 0.03540559 0.03601249
 0.03542819 0.03775983
 0.03663501 0.03995352
 0.03574947 0.03756541
 0.03728202 0.03764366
 0.0355976  0.03819437
 0.03504942 0.03647756
 0.03726247 0.03862762
 0.03712005 0.03503788
 0.03514418 0.03742883
 0.03592571 0.03723915
 0.03824227 0.03673611
 0.03636815 0.03740679
 0.03865136 0.03798528
 0.03802761 0.03671108
 0.03829426 0.03648396
 0.03914723 0.03555628
 0.0368652  0.03611235
 0.03782196 0.03752447
 0.03560071 0.03796422
 0.03762548 0.03592741
 0.03593474 0.0385392 
 0.0359825  0.03924282
 0.0354713  0.04092547
 0.03590979 0.03710584
 0.03507012 0.03586912
 0.03529692 0.0392162 
 0.03610357 0.03527793
 0.03656188 0.03756672
 0.03516378 0.0365334 
 0.03695843 0.03697934
 0.0358643  0.03649768
 0.03570104 0.03750987
 0.03508013 0.03696653
 0.03658195 0.04182145
 0.03507551 0.03714534
 0.03504584 0.03594247
 0.03549151 0.03947783
 0.03603595 0.03792282
 0.03532681 0.03539867
 0.03534678 0.0354722 
 0.03505619 0.03524438
 0.03642613 0.03911594
 0.0350195  0.03554883
 0.03664622 0.03881012
 0.03512935 0.03905529
 0.03531669 0.03865059
 0.03593563 0.03944182
 0.03606974 0.03723298
 0.03593568 0.03797135
 0.03531258 0.03917335
 0.03567839 0.03665273
 0.03554044 0.03733051
 0.03581484 0.03565484
 0.03646793 0.03924705
 0.03540148 0.03823742
 0.03716251 0.04438505
 0.03548245 0.03745446
 0.03606213 0.03938311
 0.03706802 0.04094254
 0.03871279 0.04216922
 0.0370694  0.0369308 
 0.0355144  0.03731021
 0.03634349 0.0386411 
 0.03721891 0.03714898
 0.03799623 0.03961571
 0.037687   0.03663108
 0.03845951 0.0395477 
 0.03853542 0.04102569
 0.03756078 0.04025692
 0.03633807 0.03902445
 0.03696668 0.03952369
 0.03640146 0.03911877
 0.03778821 0.03976715
 0.03996956 0.04980959
 0.04040436 0.04173796
 0.0385274  0.0467315 
 0.03945338 0.04121366
 0.03847602 0.03939831
 0.03527239 0.04477094
 0.03868423 0.04609192
 0.03812107 0.04723736
 0.03959818 0.04384703
 0.04136693 0.04283129
 0.04147779 0.04426695
 0.04218905 0.04389652
 0.03994206 0.04251162
 0.03702116 0.03878374
 0.03628639 0.03705601
 0.03908194 0.03515711
 0.03949152 0.03596709
 0.03810918 0.0399557 
 0.04073682 0.04003378
 0.03887287 0.03802974
 0.03660728 0.04173736
 0.03602076 0.04671555
 0.04209694 0.03996344
 0.0445066  0.04219123
 0.03868065 0.0428128 
 0.03617059 0.04787315
 0.0379599  0.0442179 
 0.03606969 0.04874644
 0.03939893 0.04474612
 0.04092801 0.04653247
 0.04443526 0.04461442
 0.04390915 0.04151091
 0.04141863 0.03630999
 0.04512848 0.0436432 
 0.04228134 0.04191541
 0.0354771  0.04497337
 0.04053292 0.04850493
 0.04118641 0.0419141 
 0.04067838 0.03792723
 0.0430069  0.03630012
 0.0458791  0.03531916
 0.04998934 0.03592438
 0.05117536 0.03583629
 0.04680727 0.03522354
 0.05331735 0.03885633
 0.04634327 0.03895949
 0.03612769 0.0378448 
 0.04345127 0.03936239
 0.04411    0.03833145
 0.04016586 0.03726282
 0.03837314 0.03788951
 0.04752897 0.03681364
 0.04654595 0.0356929 
 0.04323336 0.03744654
 0.0395943  0.03552806
 0.03608546 0.03665074
 0.04195263 0.04156911
 0.04410471 0.04267665
 0.04535089 0.03699077
 0.04431912 0.03735757
 0.04581887 0.03750645
 0.03839073 0.04096647
 0.04079515 0.03523553
 0.03858655 0.03939108
 0.0395218  0.03996784
 0.03929928 0.03574541
 0.03510308 0.03796222
 0.0363927  0.04177617
 0.03832058 0.04224476
 0.04406282 0.04131217
 0.04579887 0.03627359
 0.05337287 0.03598731
 0.04840153 0.0357129 
 0.03938603 0.03565528
 0.03590129 0.03678709
 0.03964166 0.03512578
 0.04449155 0.03858095
 0.04835711 0.04039606
 0.04674267 0.04042093
 0.04860447 0.03715823
 0.04307293 0.0374751 
 0.03575723 0.03609076
 0.04773454 0.03938883
 0.04577482 0.03973279
 0.05085836 0.03694764
 0.04263261 0.0469346 
 0.04319063 0.04013825
 0.04447342 0.04225206
 0.04864901 0.03741254
 0.044393   0.03853772
 0.0361196  0.0402025 
 0.03653549 0.03998237
 0.04206117 0.0371432 
 0.05192985 0.03727055
 0.04690435 0.03705466
 0.04505256 0.04080059
 0.04658259 0.03613907
 0.0471126  0.03615595
 0.04208795 0.03688076
 0.03544535 0.03882152
 0.04215276 0.04036079
 0.0432741  0.04005919
 0.04052416 0.03951506
 0.04009905 0.0372214 
 0.03540318 0.03742597
 0.03896761 0.03596318
 0.03835957 0.03560476
 0.03651627 0.03759843
 0.0352196  0.04051627
 0.03803541 0.03871559
 0.04072748 0.0387229 
 0.03883649 0.04111668
 0.03520243 0.03930432
 0.03845581 0.03710691
 0.03895477 0.03760123
 0.04073994 0.03928649
 0.03868064 0.04143792
 0.03510973 0.04544647
 0.03827433 0.04459831
 0.03958865 0.04609296
 0.03927243 0.04818147
 0.03528147 0.04595719
 0.03700458 0.04579693
 0.03666408 0.04243098
 0.03631555 0.04230878
 0.03514167 0.04472555
 0.03960022 0.04460523
 0.04092881 0.0468021 
 0.04129989 0.04551776
 0.0407463  0.04632119
 0.03554213 0.04763237
 0.03844914 0.04515292
 0.03785205 0.04213204
 0.03595211 0.04817458
 0.03583456 0.04901475
 0.0395664  0.05026501
 0.03983749 0.04874686
 0.03892113 0.04833288
 0.03981406 0.04796752
 0.04023528 0.04994734
 0.0369489  0.04702185
 0.0369822  0.04714184
 0.0351131  0.04997764
 0.03577032 0.04482131
 0.03512733 0.04924133
 0.03645892 0.04686959
 0.03986714 0.04449894
 0.04215347 0.04470443
 0.04328668 0.04408742
 0.04165375 0.04389471
 0.04034714 0.0451354 
 0.03887523 0.04228095
 0.03777438 0.04685194
 0.03544693 0.04607713
 0.03655963 0.04832043
 0.03815454 0.04783569
 0.0394559  0.04825011
 0.03681304 0.04849421
 0.03683334 0.05001993
 0.03626015 0.04884352
 0.03813535 0.05034053
 0.03789994 0.0496203 
 0.0388618  0.05146063
 0.03964534 0.04785033
 0.04018546 0.05191712
 0.03805368 0.04997183
 0.03616009 0.05196366
 0.0390402  0.05223061
 0.03871032 0.05156828
 0.03785647 0.05111373
 0.03592686 0.05080632
 0.03667704 0.04916228
 0.03947372 0.04865216
 0.04171068 0.04838315
 0.03841658 0.04744561
 0.04001296 0.04762574
 0.03923387 0.05034605
 0.03828806 0.05092841
 0.03700295 0.05007464
 0.03574231 0.05113743
 0.03521736 0.04903851
 0.03635779 0.04860944
 0.03761062 0.04799052
 0.03706466 0.04791716
 0.03535647 0.05098867
 0.03649263 0.05089107
 0.03825317 0.04930741
 0.03867844 0.05035324
 0.03698567 0.04848086
 0.03677025 0.04917561
 0.03742026 0.04945356
 0.0374917  0.04860611
 0.03516421 0.05044136
 0.03551752 0.05039968
 0.03579801 0.05161273
 0.03700306 0.05103929
 0.03512406 0.04750971
 0.03600793 0.04807203
 0.03718902 0.04690044
 0.03854656 0.04768133
 0.03752825 0.04725987
 0.03572166 0.04698059
 0.03687866 0.04849597
 0.03517166 0.04554775
 0.035101   0.04570583
 0.03615421 0.04698845
 0.03600907 0.04893013
 0.03540226 0.04671841
 0.0359515  0.04759555
 0.03806491 0.0458986 
 0.03774467 0.04679507
 0.03796307 0.04549377
 0.03902395 0.04455581
 0.03968054 0.0463818 
 0.04061589 0.04595073
 0.04392662 0.04641663
 0.04238727 0.04676002
 0.04099856 0.04477498
 0.035872   0.04409967
 0.03683181 0.04632095
 0.03782163 0.04644419
 0.03855938 0.04747245
 0.03556275 0.04987488
 0.03537156 0.04668586
 0.0365184  0.04339132
 0.03899339 0.0459509 
 0.03580967 0.04434626
 0.03794885 0.046454  
 0.0358313  0.04826046
 0.04000983 0.04915296
 0.03921802 0.04662837
 0.04026968 0.04618525
 0.03894744 0.04389518
 0.04236648 0.04249606
 0.03824718 0.04550019
 0.04378102 0.04697271
 0.0404883  0.04603111
 0.03982072 0.04280264
 0.04007668 0.04086516
 0.03692055 0.03728389
 0.03957516 0.0400126 
 0.04228383 0.04373534
 0.04412552 0.04318767
 0.04321902 0.0355952 
 0.04177596 0.03701076
 0.04743525 0.03798654
 0.04719857 0.04093396
 0.04224406 0.04385141
 0.04009502 0.03686385
 0.03922343 0.03747847
 0.03614518 0.03970936
 0.0359942  0.04020103
 0.03664777 0.04279812
 0.03778435 0.03673365
 0.04111557 0.03894151
 0.04161254 0.04001453
 0.03975986 0.04136219
 0.03719275 0.04153468
 0.03557569 0.03521486
 0.03724395 0.04645653
 0.03629915 0.04513555
 0.03599434 0.04569896
 0.04001187 0.04244607
 0.04382522 0.04195503
 0.04235966 0.04590372
 0.04106859 0.0403862 
 0.04012735 0.04149681
 0.04360585 0.0418362 
 0.04380176 0.04358157
 0.03764305 0.04172674
 0.03712521 0.04095983
 0.04845066 0.04403458
 0.04597827 0.04416332
 0.0376964  0.04378785
 0.0360712  0.04575873
 0.03547476 0.04493595
 0.03769853 0.04384562
 0.03934271 0.04669165
 0.03939149 0.04496839
 0.03772665 0.04708096
 0.03611552 0.0450222 
 0.03791016 0.04572902
 0.03940414 0.04564639
 0.04006501 0.04902139
 0.03848545 0.04983924
 0.0373053  0.05393854
 0.03833324 0.05272464
 0.03851453 0.05003209
 0.03841363 0.04888625
 0.03961069 0.05527979
 0.03995092 0.05441208
 0.03915666 0.05221368
 0.03911126 0.0599666 
 0.03915173 0.06131957
 0.03903157 0.0630556 
 0.03942485 0.05932362
 0.03856958 0.05065504
 0.03882331 0.05991527
 0.03507265 0.04659712
 0.03729056 0.05748958
 0.03929182 0.0683035 
 0.03771425 0.05603354
 0.03627869 0.06042685
 0.03903807 0.05892399
 0.0410279  0.04467285
 0.04099647 0.05561835
 0.03652447 0.05505256
 0.03512666 0.0377516 
 0.03932563 0.03712282
 0.03542571 0.04062133
 0.03543289 0.04272811
 0.03646672 0.03976745
 0.03639454 0.03921134
 0.0377518  0.04381726
 0.03670789 0.03516149
 0.03676421 0.04190729
 0.0365957  0.03677867
 0.03701421 0.04505087
 0.03732646 0.0412576 
 0.03994347 0.03603527
 0.03972691 0.04799506
 0.03733043 0.04705384
 0.03848284 0.04944468
 0.03621314 0.03887418
 0.03777403 0.04949056
 0.03662404 0.04966243
 0.03605059 0.04748517
 0.03605752 0.05486289
 0.03644553 0.0584181 
 0.04046458 0.03535079
 0.04041108 0.03928643
 0.04002818 0.03775907
 0.04166084 0.03667485
 0.03506079 0.04416579
 0.03845446 0.04305754
 0.0375083  0.04630262
 0.03902864 0.04060304
 0.03837343 0.05488598
 0.04420069 0.04382749
 0.04545148 0.06093246
 0.03935646 0.05637865
 0.04036083 0.04344604
 0.04272385 0.04015282
 0.03529863 0.03888684
 0.03576685 0.03965432
 0.03707663 0.03811683
 0.04549568 0.04132028
 0.04775389 0.03678074
 0.04230522 0.05423073
 0.04120713 0.03804835
 0.0412258  0.03509038
 0.03779861 0.04590835
 0.04341357 0.05000113
 0.0358268  0.06327949
 0.03579827 0.05536839
 0.0364043  0.05536447
 0.03677684 0.04616618
 0.03536566 0.0564062 
 0.03572062 0.04785798
 0.03711122 0.06646042
 0.0368436  0.05787452
 0.03686336 0.06097175
 0.036328   0.05657392
 0.03512082 0.05905339
 0.03522797 0.06183153
 0.03522122 0.06244899
 0.0387906  0.04922757
 0.03542165 0.0554433 
 0.03523462 0.05532168
 0.03536331 0.05502255
 0.03555214 0.05305987
 0.03756994 0.04781145
 0.03706298 0.04926398
 0.03644273 0.04771315
 0.0374741  0.04949811
 0.0380168  0.05047564
 0.03682415 0.04520991
 0.03676459 0.04392757
 0.03551425 0.04447432
 0.03520618 0.05161212
 0.03759759 0.04346451
 0.03630397 0.04496287
 0.03502398 0.04340892
 0.0359337  0.03779582
 0.03760419 0.03585521
 0.03706312 0.03677041
 0.03514343 0.0350999 
 0.03504176 0.03555938
 0.03574561 0.03697271
 0.03789162 0.03888906
 0.03793975 0.04264047
 0.03643434 0.04038501
 0.03554865 0.03775344
 0.03684686 0.03895728
 0.0369533  0.04113496
 0.03778341 0.04325844
 0.03829364 0.04281566
 0.03772368 0.04144513
 0.0354624  0.04229924
 0.03646968 0.04543646
 0.03522626 0.04628914
 0.03547854 0.04482201
 0.0350331  0.04555348
 0.03569043 0.04872718
 0.03750682 0.0472183 
 0.03788072 0.04084609
 0.03701034 0.04697797
 0.03561883 0.04647139
 0.03695649 0.04918464
 0.0364051  0.04900524
 0.03690368 0.04744358
 0.0373112  0.0463268 
 0.03756515 0.04359521