0.04543144 0.04342049
 0.0468427  0.040383  
 0.04727995 0.04079225
 0.03735752 0.0370287 
 0.03776037 0.04000749
 0.04147793 0.04072934
 0.04179194 0.04230944
 0.04457954 0.04358485
 0.04265959 0.04247117
 0.03884121 0.04025476
 0.03612168 0.04387989
 0.04119902 0.03799848
 0.0421872  0.03896395
 0.04281411 0.04278342
 0.03504556 0.03790391
 0.0400545  0.03922361
 0.04233909 0.03918182
 0.03549865 0.04280375
 0.0353922  0.03640618
 0.03579225 0.0380568 
 0.03635243 0.04304868
 0.03768779 0.04128673
 0.03832407 0.03974216
 0.03751267 0.04037049
 0.03508162 0.04380399
 0.03677587 0.04236138
 0.03585543 0.03832928
 0.03734962 0.04129389
 0.03549805 0.03946689
 0.03768725 0.04025839
 0.03654909 0.04039   
 0.03508262 0.03887714
 0.036344   0.0389013 
 0.03550797 0.04210637
 0.03573224 0.0422724 
 0.03613723 0.04076316
 0.0350234  0.03982489
 0.03869766 0.03922245
 0.03633568 0.03957883
 0.03666435 0.04076345
 0.03874348 0.0352222 
 0.03586963 0.03959116
 0.03620242 0.03951358
 0.04103551 0.04182477
 0.04314074 0.04223935
 0.04143038 0.04027701
 0.03912085 0.04028142
 0.04034016 0.03539092
 0.04015786 0.03702193
 0.03687026 0.03696953
 0.03832106 0.0401011 
 0.03798401 0.03956103
 0.03820833 0.0387393 
 0.03538895 0.03512412
 0.04058719 0.03651386
 0.035546   0.03727287
 0.03813681 0.03974299
 0.03710924 0.03737336
 0.03803349 0.03792996
 0.0362002  0.03657363
 0.03539538 0.03571255
 0.0373985  0.03874177
 0.03844851 0.03881253
 0.04092259 0.04010259
 0.03897428 0.03887988
 0.03851362 0.03747893
 0.03708188 0.03864954
 0.03523636 0.03683124
 0.03555936 0.03679761
 0.03753089 0.03788041
 0.03730294 0.0362094 
 0.03685875 0.03744444
 0.0355656  0.03855691
 0.03544499 0.03904632
 0.03619474 0.04029352
 0.03606611 0.03940313
 0.03602081 0.03738119
 0.03747649 0.04140723
 0.03736565 0.04115425
 0.0356932  0.03936072
 0.03576342 0.03899539
 0.03635881 0.03848706
 0.03872361 0.0386283 
 0.03786995 0.04205121
 0.03997525 0.04073551
 0.04137617 0.04547732
 0.03801765 0.04314952
 0.03854461 0.04008006
 0.04143679 0.04277385
 0.04193305 0.04200888
 0.03960239 0.0395156 
 0.03545905 0.0427993 
 0.04371744 0.04229926
 0.04209346 0.04464725
 0.03748467 0.04668002
 0.04207005 0.03967231
 0.03860916 0.04171311
 0.04129123 0.03963929
 0.03949817 0.0450412 
 0.04037255 0.03856424
 0.03622439 0.04288031
 0.04459678 0.04413909
 0.03563206 0.04187924
 0.04426472 0.04282864
 0.04982451 0.04835278
 0.04655606 0.04588411
 0.05119837 0.03973342
 0.04108403 0.0415445 
 0.03583356 0.03974286
 0.04379473 0.04177921
 0.04276609 0.04355111
 0.03791238 0.04200939
 0.03676697 0.04165684
 0.03705813 0.04107551
 0.03706009 0.03837413
 0.03532363 0.03707062
 0.03852468 0.04147217
 0.03603109 0.03776074
 0.03845373 0.03950881
 0.03514512 0.04127662
 0.03856082 0.04138941
 0.0394996  0.0380835 
 0.03656109 0.04039498
 0.03820806 0.04029129
 0.03588366 0.04098931
 0.0379864  0.04029046
 0.03601582 0.03885975
 0.03537314 0.03939637
 0.03717491 0.03967956
 0.03821741 0.03925284
 0.03678574 0.04070164
 0.03598146 0.03751861
 0.03511829 0.03515955
 0.03572378 0.03610878
 0.03590663 0.03540173
 0.03724317 0.03583353
 0.03812679 0.03747059
 0.03661935 0.03706219
 0.03554189 0.03542218
 0.03682619 0.03625134
 0.03639953 0.03596608
 0.03655548 0.04065223
 0.03522979 0.04013886
 0.03949403 0.03839608
 0.03530759 0.03942095
 0.04057883 0.03737382
 0.03665993 0.04059114
 0.03709356 0.03898654
 0.03965136 0.0366754 
 0.04065552 0.04140702
 0.03846084 0.03848488
 0.03507987 0.03901768
 0.03880868 0.03639095
 0.03621348 0.03847121
 0.0391153  0.03770339
 0.03818434 0.04061054
 0.03899196 0.03837298
 0.03703975 0.04065207
 0.039955   0.04334257
 0.04065534 0.04055059
 0.03960766 0.04524083
 0.04329546 0.04219072
 0.03808727 0.04241981
 0.03933795 0.0436676 
 0.04376479 0.04618233
 0.03552447 0.04177297
 0.03766247 0.04382466
 0.0354672  0.04561522
 0.03550511 0.045504  
 0.03936177 0.04448432
 0.03834783 0.04464998
 0.03970803 0.04352865
 0.03841518 0.04544711
 0.03689661 0.04363184
 0.03560087 0.04493584
 0.03947787 0.04063462
 0.03721022 0.04180044
 0.03530234 0.04459393
 0.03566498 0.04164974
 0.03596774 0.04346364
 0.03712681 0.04266562
 0.03705364 0.03805245
 0.03515033 0.0367882 
 0.03756735 0.04161894
 0.03528742 0.04315355
 0.0351425  0.04509273
 0.038412   0.0417032 
 0.03630857 0.04615366
 0.03676192 0.03943535
 0.03533234 0.04058126
 0.03595069 0.04492327
 0.03713234 0.04503132
 0.0355283  0.04423097
 0.04057084 0.04381843
 0.04015051 0.04511061
 0.03951751 0.03969883
 0.03700253 0.04051468
 0.03534238 0.04504233
 0.03561058 0.04329295
 0.03621066 0.04228328
 0.03690505 0.04073583
 0.0351516  0.04315477
 0.03703959 0.04226932
 0.03528507 0.04080434
 0.03697786 0.04159728
 0.03713693 0.04180888
 0.03545475 0.03611763
 0.03519494 0.04217247
 0.03547629 0.03915877
 0.0361485  0.04320698
 0.03502697 0.04130916
 0.03536072 0.03889138
 0.03555839 0.0411132 
 0.03674222 0.03665825
 0.03577742 0.04078959
 0.0356202  0.03886974
 0.03510483 0.0405755 
 0.03939259 0.04035084
 0.03778123 0.04104882
 0.03972935 0.04039892
 0.03718723 0.03834296
 0.03503309 0.03999945
 0.03545963 0.03809393
 0.03677302 0.03972508
 0.03564582 0.03783711
 0.03623601 0.03873796
 0.03771845 0.03900019
 0.0350594  0.0407636 
 0.03543662 0.04147574
 0.03863936 0.03597688
 0.04060935 0.03647384
 0.03595863 0.03686015
 0.03993761 0.03703459
 0.04168056 0.04059255
 0.03661432 0.03981349
 0.04027741 0.03888159
 0.04043014 0.0393059 
 0.04391035 0.03759802
 0.03557098 0.03705183
 0.03505919 0.03577675
 0.03648179 0.03571677
 0.03785874 0.03590642
 0.03871539 0.03582823
 0.0364783  0.03688659
 0.03594619 0.0378696 
 0.03622086 0.0352625 
 0.04098675 0.03839675
 0.03983749 0.03723735
 0.03785152 0.03536546
 0.03672861 0.03620026
 0.03678035 0.03618675
 0.03552904 0.03938884
 0.0366575  0.03617655
 0.03811038 0.03707919
 0.03777792 0.03609619
 0.03675132 0.03846473
 0.03871327 0.03577566
 0.03800632 0.036685  
 0.03683145 0.03918809
 0.0388606  0.03984918
 0.04304249 0.03671536
 0.03648689 0.03522259
 0.03849208 0.03568107
 0.03749277 0.03567413
 0.04145576 0.03620335
 0.03983963 0.03607905
 0.03688259 0.0383874 
 0.03617109 0.0418076 
 0.03513189 0.04406589
 0.03553469 0.04868279
 0.03807005 0.04319876
 0.04075586 0.03990013
 0.03678321 0.04144432
 0.03783683 0.04486787
 0.03580368 0.04734208
 0.03942943 0.04305488
 0.03744029 0.03931067
 0.03638622 0.04116715
 0.03569429 0.04629253
 0.03695894 0.04802676
 0.0365269  0.04718533
 0.03779546 0.0511976 
 0.03933183 0.05122712
 0.03810392 0.05296035
 0.03598718 0.05221987
 0.03583343 0.0523462 
 0.03805667 0.05184057
 0.0353693  0.04957769
 0.03710376 0.04986271
 0.03833809 0.05229262
 0.03961647 0.05622712
 0.03813994 0.04225108
 0.03520796 0.04861819
 0.03536143 0.05293701
 0.03722558 0.052806  
 0.03637157 0.04876544
 0.03848573 0.04753341
 0.0388978  0.04395184
 0.03655151 0.04304896
 0.03925198 0.03838865
 0.04109721 0.03828743
 0.04199304 0.03880139
 0.03982909 0.03511017
 0.03695645 0.03775757
 0.04202811 0.03520321
 0.03742974 0.04088346
 0.04056592 0.03624129
 0.03801797 0.03960824
 0.03585808 0.04448168
 0.04163451 0.04436391
 0.03513283 0.04396037
 0.04301446 0.04833932
 0.03606427 0.04194494
 0.03539145 0.04391339
 0.03668227 0.04819822
 0.04438294 0.04520158
 0.03798488 0.04110973
 0.03913013 0.04005038
 0.03681375 0.04454944
 0.03568101 0.03967134
 0.03756391 0.03825023
 0.03603303 0.04259299
 0.04180022 0.04067482
 0.04013975 0.04180057
 0.03526566 0.03867696
 0.04336403 0.04103924
 0.03976719 0.03716165
 0.04273112 0.03518023
 0.04532595 0.03658058
 0.04200721 0.03739548
 0.03522094 0.03529564
 0.04000383 0.03558674
 0.04402196 0.03557852
 0.04244927 0.0359882 
 0.03775905 0.03593853
 0.03894117 0.03582718
 0.03655487 0.03585439
 0.03589433 0.03622813
 0.0353036  0.03863758
 0.03691544 0.03798436
 0.03858069 0.03755965
 0.03577748 0.03710991
 0.03718171 0.03708859
 0.04180733 0.03503614
 0.04527279 0.03599894
 0.04493794 0.03623489
 0.036241   0.04265475
 0.04033585 0.0358975 
 0.04595754 0.03848153
 0.04263933 0.03674252
 0.03940256 0.03517738
 0.04532091 0.03640361
 0.04590124 0.03635336
 0.04972699 0.03819438
 0.04169319 0.03716488
 0.03684939 0.03536848
 0.03991699 0.03634728
 0.04199483 0.0422918 
 0.042424   0.03857777
 0.03639401 0.03673993
 0.04373928 0.04023574
 0.04276602 0.04109856
 0.04153624 0.03811578
 0.03720993 0.03637926
 0.03792081 0.03592243
 0.04180713 0.04100573
 0.03638178 0.04124469
 0.03729388 0.0350199 
 0.03976876 0.03628079
 0.0362651  0.04105242
 0.03670232 0.03811959
 0.03630564 0.04293696
 0.03893331 0.03972741
 0.03841579 0.03911826
 0.04079092 0.04218737
 0.04078331 0.04053338
 0.03800544 0.04144415
 0.04072431 0.04331031
 0.03714553 0.03953187
 0.036917   0.04398853
 0.03678998 0.04371533
 0.03767993 0.04469184
 0.03510378 0.04346198
 0.03776014 0.03702089
 0.03887722 0.04043385
 0.03641161 0.04106599
 0.03677989 0.03740697
 0.03726903 0.04272075
 0.03642248 0.03551565
 0.0390797  0.04299768
 0.04139276 0.03771345
 0.04443841 0.03530613
 0.04382662 0.03870264
 0.03894566 0.04282275
 0.04313459 0.03794036
 0.03931206 0.04039542
 0.04085736 0.03742208
 0.04276886 0.03816935
 0.0355617  0.04356936
 0.03589343 0.03889535
 0.03601794 0.03947307
 0.03846966 0.03509064
 0.04468959 0.03847398
 0.04366862 0.03869899
 0.03896744 0.04065412
 0.03578492 0.03826528
 0.03796614 0.04281292
 0.03642914 0.04595313
 0.03876156 0.04397539
 0.03683127 0.04716719
 0.03624786 0.05074494
 0.03534064 0.05019333
 0.04315659 0.04069267
 0.04346319 0.04383714
 0.0452997  0.04396801
 0.0426405  0.04756723
 0.03865355 0.03850921
 0.03749195 0.03790648
 0.03505872 0.03674955
 0.03636313 0.03930078
 0.03633268 0.03901771
 0.03862834 0.0401933 
 0.03585956 0.03969488
 0.0366243  0.04198213
 0.03954183 0.03736321
 0.04346693 0.03902772
 0.03849793 0.03593662
 0.03817431 0.03722474
 0.042241   0.04099657
 0.04143769 0.03910667
 0.04214858 0.03959592
 0.03915957 0.03740108
 0.04037863 0.03834822
 0.04227006 0.04280034
 0.0424776  0.04176133
 0.04080091 0.0377678 
 0.0381307  0.03595337
 0.03872665 0.03634446
 0.03627377 0.03607135
 0.03654326 0.0395338 
 0.04119109 0.04030757
 0.03622244 0.03808479
 0.03658425 0.03531818
 0.04098482 0.03611783
 0.03777095 0.0354456 
 0.0374177  0.03889827
 0.03892312 0.03703035
 0.03580183 0.03587394
 0.0350236  0.03806858
 0.03548738 0.03762007
 0.03670641 0.03612738
 0.03982981 0.03809097
 0.03509193 0.03891856
 0.04199995 0.03942193
 0.04450376 0.04381272
 0.04059579 0.04275922
 0.0380258  0.03639479
 0.03629825 0.03586015
 0.03591434 0.03957364
 0.03766681 0.03559178
 0.03752112 0.03636   
 0.03819856 0.03746898
 0.03988876 0.03840759
 0.03834109 0.03837463
 0.03865728 0.04066959
 0.0379524  0.04184683
 0.0372727  0.0473265 
 0.04129924 0.04473647
 0.03892236 0.04012937
 0.03594854 0.0422929 
 0.03676997 0.04271657
 0.04401506 0.04246696
 0.04264708 0.04865319
 0.04005136 0.04784009
 0.03935607 0.04943985
 0.03934485 0.05250712
 0.04178398 0.04835936
 0.03858216 0.05162246
 0.04435099 0.04927348
 0.03981642 0.05301415
 0.04004773 0.05268804
 0.03831767 0.04754721
 0.03864872 0.05208781
 0.03718207 0.04803096
 0.03767792 0.05076407
 0.03697417 0.05251755
 0.03856158 0.05013393
 0.03772122 0.04929172
 0.03647767 0.05137859
 0.0416314  0.04927463
 0.04364973 0.04850434
 0.04313999 0.04643719
 0.0429976  0.05004077
 0.03579957 0.05444672
 0.0354818  0.05395737
 0.03762028 0.05528964
 0.04215203 0.03949732
 0.04024774 0.04730716
 0.03810086 0.05048794
 0.04957259 0.04562723
 0.04298196 0.04929966
 0.0460444  0.04800728
 0.04328611 0.05192262
 0.04491828 0.04690222
 0.03651914 0.04731069
 0.03811063 0.0527181 
 0.03778842 0.05289514
 0.03552721 0.05030197
 0.04173271 0.05225063
 0.04178406 0.05063719
 0.04186381 0.0435826 
 0.04149651 0.0484822 
 0.04210742 0.03987292
 0.03947894 0.03631973
 0.03563721 0.04882324
 0.04100216 0.04513009
 0.03893169 0.03697553
 0.03804862 0.03869089
 0.03833247 0.03618162
 0.0433724  0.03761307
 0.04379521 0.03816845
 0.04154553 0.03957935
 0.04107233 0.03653407
 0.04055103 0.03630949
 0.03836326 0.03652674
 0.03739604 0.0375982 
 0.0379385  0.0385557 
 0.03889253 0.04011997
 0.04070429 0.0378247 
 0.04088644 0.0375516 
 0.04350767 0.03728634
 0.03796314 0.03612932
 0.03517757 0.0381682 
 0.04305504 0.03748517
 0.04571325 0.03840178
 0.03978341 0.03991551
 0.03918929 0.03970719
 0.03883303 0.04162758
 0.03992338 0.03857203
 0.04041805 0.0392969 
 0.0416235  0.03550159
 0.038164   0.03671661
 0.03675669 0.03948762
 0.04180993 0.04222673
 0.03545167 0.04069295
 0.03892399 0.03531981
 0.03746861 0.03868051
 0.04169628 0.04088243
 0.04701099 0.04216141
 0.04810391 0.04071087
 0.04121185 0.04408083
 0.0411679  0.03949035
 0.04896189 0.03555482
 0.04259197 0.03872529
 0.03636711 0.04485959
 0.0401727  0.03926247
 0.04379169 0.04235562
 0.04091592 0.04864912
 0.03646988 0.03987245
 0.03533556 0.03520094
 0.0407439  0.04062841
 0.03520785 0.03674673
 0.03996358 0.03803965
 0.03996966 0.03739983
 0.03749207 0.03738718
 0.03957267 0.03989063
 0.04066132 0.03957441
 0.03541405 0.04006119
 0.0411655  0.03523921
 0.04378466 0.03651864
 0.03552457 0.03781712
 0.03951526 0.03615072
 0.04305292 0.03828699
 0.04293591 0.0418972 
 0.04058677 0.0386412 
 0.03655156 0.04355355
 0.03913089 0.03930357
 0.03865854 0.03691002
 0.03980139 0.0397422 
 0.0395294  0.04098775
 0.03857266 0.04050382
 0.04069807 0.03994944
 0.03715518 0.04019322
 0.03600972 0.0382704 
 0.04569337 0.04247536
 0.04463045 0.0408347 
 0.03530876 0.03616203
 0.03708253 0.0382458 
 0.03847499 0.03704432
 0.03715473 0.03522901
 0.03675633 0.03607199
 0.0368486  0.03673869
 0.0444937  0.03785386
 0.03609667 0.03553713
 0.03639752 0.03840926
 0.03954918 0.03645448
 0.03943904 0.036477  
 0.03679287 0.03896222
 0.03662489 0.0368778 
 0.04611689 0.03693936
 0.0406586  0.03955067
 0.03564315 0.03552532
 0.03651457 0.03515492
 0.03945198 0.0377446 
 0.03651571 0.03807187
 0.03810026 0.03632043
 0.03679632 0.03764969
 0.03748951 0.03757518
 0.03724251 0.03578089
 0.03735666 0.03904971
 0.03612112 0.03623899
 0.04035855 0.04024075
 0.03842422 0.03739414
 0.0389243  0.03956068
 0.03970882 0.0400937 
 0.03967438 0.03977723
 0.03551052 0.03836796
 0.03619815 0.03936457
 0.03812972 0.04008711
 0.03808945 0.03682512
 0.03732669 0.04123694
 0.03674238 0.03582484
 0.03916357 0.03954366
 0.03612141 0.04065388
 0.03744632 0.03727008
 0.0352359  0.03844768
 0.03881037 0.04141355
 0.04156365 0.04197376
 0.03752262 0.04031213
 0.03730436 0.03727404
 0.03534814 0.03512426
 0.03582031 0.03621591
 0.03603195 0.0400089 
 0.03933471 0.03709908
 0.03791004 0.03761733
 0.03944584 0.03753623
 0.03533341 0.03760822
 0.03608429 0.03904483
 0.03622361 0.03514976
 0.03849969 0.03750772
 0.03662388 0.03837176
 0.03629549 0.03527736
 0.03600944 0.0354832 
 0.03921488 0.03671659
 0.03888695 0.03639171
 0.03739706 0.03573016
 0.03895573 0.03851825
 0.04250096 0.03788706
 0.04111627 0.03633668
 0.03983006 0.03696142
 0.03598554 0.03706124
 0.0371009  0.03870492
 0.03520275 0.03603406
 0.0357288  0.03831624
 0.03584609 0.03668664
 0.03741046 0.03994451
 0.03755985 0.04030889
 0.0366456  0.03884017
 0.03580802 0.0384408 
 0.03557166 0.03505449
 0.03645384 0.03849877
 0.03829809 0.03838897
 0.03862517 0.04096015
 0.03646757 0.04222498
 0.03783843 0.03622148
 0.03524359 0.03617638
 0.03522439 0.03861763
 0.03606448 0.03596088
 0.03522668 0.03723463
 0.03527857 0.03505874
 0.04008041 0.03630622
 0.0381519  0.04083876
 0.03518498 0.04302558
 0.03866304 0.03924199
 0.03699275 0.036093  
 0.0377916  0.03546718
 0.04168265 0.03911145
 0.04145944 0.03608376
 0.03924619 0.03713286
 0.03606593 0.03541704
 0.03643239 0.0352207 
 0.03918186 0.03870296
 0.03626374 0.0384072 
 0.03866487 0.03504713
 0.04144433 0.03607262
 0.04237511 0.03588178
 0.04246747 0.03932048
 0.03958115 0.03629198
 0.03803159 0.03982355
 0.04002585 0.03589906
 0.0417931  0.03966855
 0.04194543 0.03816374
 0.04167132 0.03748773
 0.03820212 0.04017119
 0.04433387 0.04317059
 0.04702307 0.04318576
 0.04503063 0.04241   
 0.04165262 0.04139563
 0.03531744 0.03593464
 0.03811249 0.03754973
 0.03918419 0.04033995
 0.03693478 0.03863528
 0.03518966 0.04019106
 0.03682301 0.03840366
 0.03543704 0.03851067
 0.03567011 0.0390434 
 0.03986819 0.03934398
 0.03623664 0.03531461
 0.03960114 0.03692845
 0.03535742 0.03531253
 0.03734147 0.036933  
 0.03505901 0.03585526
 0.0367412  0.03684481
 0.03920778 0.03970317
 0.03749433 0.03808061
 0.0416157  0.03720464
 0.03944147 0.03976034
 0.03808497 0.04055911
 0.03558075 0.04192636
 0.03640853 0.03781555
 0.03571097 0.03573012
 0.03881658 0.04349187
 0.03972374 0.04349692
 0.03896766 0.04075652
 0.03859473 0.0401567 
 0.03726292 0.03950388
 0.03822374 0.03664926
 0.04183578 0.04337212
 0.04034036 0.04074315
 0.03549751 0.03533082
 0.04034305 0.04028022
 0.03977254 0.03778261
 0.03544747 0.03871701
 0.03806403 0.03757406
 0.03782919 0.04099102
 0.03684846 0.04341284
 0.03660686 0.04267972
 0.03582352 0.03966221
 0.0376947  0.04049746
 0.03952757 0.04102968
 0.04280879 0.0435051 
 0.0395964  0.04152973
 0.03780369 0.03812489
 0.03546691 0.03817162
 0.03712379 0.03754591
 0.03661127 0.04025267
 0.03708281 0.04050522
 0.03739371 0.04618634
 0.03518933 0.04636735
 0.04353261 0.04715525
 0.04255388 0.04614355
 0.04498828 0.04740454
 0.03858764 0.04558075
 0.03619542 0.04889292
 0.03512887 0.0415222 
 0.03881949 0.04392916
 0.035812   0.04303507
 0.03901219 0.04214226
 0.03648888 0.04076096
 0.04040319 0.04458092
 0.03699889 0.04266807
 0.03564311 0.04652838
 0.03612534 0.04455562
 0.04062568 0.04519964
 0.04002359 0.04487492
 0.03687126 0.04190172
 0.03824924 0.04331116
 0.0355386  0.03878914
 0.03952007 0.04523404
 0.03787453 0.04558192
 0.0407243  0.04463505
 0.03949218 0.04447004
 0.03565335 0.04351103
 0.03586008 0.04293041
 0.03661116 0.0438332 
 0.0360353  0.04392467
 0.03769158 0.04361475
 0.037475   0.03925011
 0.03659808 0.03702901
 0.03612626 0.04302019
 0.04151575 0.03845014
 0.04704159 0.04211389
 0.0414447  0.04419264
 0.04491787 0.03692269
 0.04063379 0.03611916
 0.04657091 0.03786876
 0.0390565  0.03562483
 0.03979877 0.03695958
 0.04132199 0.03565483
 0.04417727 0.04321638
 0.03726073 0.04363021
 0.03708722 0.04192312
 0.0356781  0.04392675
 0.0370625  0.03935635
 0.03993726 0.03928163
 0.03875715 0.04181301
 0.04330241 0.03631145
 0.04020701 0.03913534
 0.03526916 0.03952558
 0.03563135 0.03699382
 0.04103012 0.03617407
 0.03761497 0.03902933
 0.0364986  0.04049541
 0.03757851 0.03648435
 0.03916723 0.03770405
 0.03639722 0.0367456 
 0.03539537 0.03667273
 0.03682128 0.0354482 
 0.03781253 0.04131054
 0.03916114 0.04060189
 0.04114626 0.03776592
 0.04069037 0.04273631
 0.04295275 0.04228044
 0.03525864 0.0356651 
 0.03566513 0.03703742
 0.03703903 0.03550997
 0.03553003 0.03900326
 0.0371265  0.0384148 
 0.03668654 0.03957518
 0.03512551 0.03852449
 0.0363174  0.04276632
 0.03961733 0.04468764
 0.03959713 0.04539068
 0.03534283 0.04934107
 0.03804117 0.04426225
 0.0375487  0.04523781
 0.03891645 0.04360905
 0.04122918 0.04516336
 0.04092619 0.04575138
 0.03802335 0.05250962
 0.03969063 0.04559056
 0.03641458 0.04707769
 0.03585774 0.04315913
 0.04476511 0.04865931
 0.04234595 0.04635283
 0.03729961 0.04160604
 0.04158092 0.04652794
 0.03957889 0.04720466
 0.03814523 0.04585058
 0.03628384 0.0432854 
 0.03899027 0.04566979
 0.04455814 0.04355789
 0.03646145 0.0471642 
 0.03725431 0.04680376
 0.0366485  0.046639  
 0.04166009 0.04485206
 0.03840897 0.04746423
 0.03803597 0.04816128
 0.03562964 0.04761367
 0.0361532  0.05006559
 0.03786293 0.04499047
 0.0405493  0.0455    
 0.03855389 0.04374423
 0.03894374 0.0460035 
 0.03553066 0.04223899
 0.03810649 0.03909523
 0.03795896 0.04103435
 0.03881618 0.04139366
 0.03502575 0.04420752
 0.04178772 0.03738883
 0.03838459 0.04197657
 0.0368262  0.04113724
 0.03634497 0.03873945
 0.04050568 0.03512976
 0.04015821 0.04021534
 0.03768815 0.03784754
 0.03599735 0.0408433 
 0.04689872 0.04462419
 0.03657492 0.0445162 
 0.03864909 0.05062006
 0.0378383  0.04548518
 0.03541067 0.04028053
 0.04600357 0.04259862
 0.04491235 0.04371082
 0.04381707 0.04314727
 0.04168365 0.0372377 
 0.03747997 0.03878745
 0.04106721 0.03949801
 0.03682719 0.03787941
 0.03668795 0.04040407
 0.04083552 0.0415708 
 0.03513994 0.03802403
 0.03793229 0.03942506
 0.0402343  0.04267155
 0.03848099 0.03956967
 0.03793062 0.04200847
 0.04620589 0.04148408
 0.04794943 0.04531785
 0.0372944  0.03682594
 0.037476   0.0428505 
 0.04013547 0.04298357
 0.03626718 0.04234394
 0.03737524 0.04428545
 0.04119405 0.04351143
 0.03926078 0.04736464
 0.0357715  0.04184889
 0.0356791  0.04895671
 0.03799069 0.04594807
 0.0469036  0.04544913
 0.04222948 0.04600828
 0.03901716 0.04664237
 0.03831634 0.04669717
 0.04266503 0.04519655
 0.03853307 0.04871593
 0.03714962 0.04422618
 0.03549458 0.04227117
 0.03725288 0.04455701
 0.03894398 0.04306244
 0.03792708 0.0438708 
 0.03665462 0.04150725
 0.03849545 0.04372241
 0.03964491 0.04341565
 0.03797862 0.04491298
 0.04216275 0.03617656
 0.03754544 0.04422475
 0.03791045 0.03614639
 0.03969065 0.04155859
 0.04199049 0.04460657
 0.03712047 0.03863954
 0.04133686 0.04125028
 0.03905673 0.03994896
 0.04511826 0.04404499
 0.0354259  0.04271118
 0.03823379 0.04161227
 0.04535819 0.03894295
 0.05214767 0.04445964
 0.04607086 0.04064275
 0.04886175 0.03862524
 0.03954889 0.04558554
 0.04337749 0.04271478
 0.0423945  0.04329656
 0.03905588 0.04499105
 0.03756215 0.04632957
 0.04139207 0.04024193
 0.03940445 0.04584822
 0.03985912 0.04237909
 0.03696524 0.04446687
 0.0355904  0.04240065
 0.04064272 0.04350424
 0.03754403 0.04240178
 0.04082269 0.04391409
 0.03818816 0.04646513
 0.04089062 0.04138499
 0.04022641 0.04365323
 0.03782572 0.03937794
 0.0399201  0.04425124
 0.03720164 0.03974959
 0.03926671 0.03978844
 0.03699024 0.04215551
 0.03949067 0.0424472 
 0.03723194 0.04078724
 0.03511252 0.04093233
 0.03817233 0.0429429 
 0.03977249 0.04030434
 0.03637973 0.03963509
 0.03750822 0.03998748
 0.04217938 0.04116481
 0.04077845 0.04119792
 0.03703263 0.03734121
 0.03618589 0.03926068
 0.03787266 0.04150671
 0.03787486 0.0359913 
 0.03666099 0.03923185
 0.03717193 0.03971497
 0.04246758 0.03812765
 0.04621445 0.03884751
 0.04389307 0.0396792 
 0.04004513 0.03701889
 0.03788186 0.04142926
 0.0437995  0.04114041
 0.03922451 0.04225879
 0.03619646 0.04029052
 0.03854635 0.04280574
 0.03900289 0.04220166
 0.0386987  0.04146717
 0.0375882  0.04182759
 0.03571793 0.04179534
 0.03553096 0.04433515
 0.03643642 0.04075398
 0.04007311 0.04173461
 0.03516773 0.04520424
 0.04175805 0.04190272
 0.03652504 0.04377399
 0.03713289 0.04150095
 0.0357058  0.03815318
 0.0405454  0.04082053
 0.03913192 0.03914735
 0.04173059 0.03980613
 0.03795336 0.04101591
 0.03596569 0.03629187
 0.03502996 0.04216856
 0.03907617 0.04087749
 0.0397299  0.03947203
 0.03801443 0.03909426
 0.03653408 0.03527239
 0.03755821 0.03797177
 0.03930514 0.03812284
 0.03929147 0.03902789
 0.03991847 0.03694681
 0.03720578 0.03718169
 0.03581068 0.03504182
 0.04062304 0.037085  
 0.0378793  0.03510413
 0.04008897 0.03707619
 0.03626757 0.03548412
 0.03704474 0.03978142
 0.04108253 0.0362475 
 0.03841557 0.04303427
 0.04093265 0.03691016
 0.0434204  0.03876363
 0.04713092 0.03608169
 0.04676004 0.03952112
 0.04846004 0.03913593
 0.0366147  0.03784242
 0.03782578 0.0365095 
 0.04206072 0.03724657
 0.04309365 0.03629608
 0.03522424 0.04137413
 0.03748357 0.03999938
 0.03820922 0.03640427
 0.0371378  0.03991167
 0.04017299 0.03904248
 0.03623422 0.04054762
 0.04050281 0.03824767
 0.03600028 0.03509101
 0.04100157 0.04062166
 0.03931342 0.04259524
 0.04259975 0.04226342
 0.03921509 0.04110949
 0.0360672  0.04166574
 0.03560603 0.04622764
 0.04583616 0.03628276
 0.0416246  0.03702134
 0.0401823  0.03876521
 0.04072043 0.03679972
 0.04346316 0.03710247
 0.03566179 0.04207531
 0.03732917 0.0371203 
 0.03741731 0.03522024
 0.03775202 0.03671299
 0.03502221 0.03740712
 0.03589621 0.03781779
 0.03628745 0.03693888
 0.03857728 0.03825873
 0.03828157 0.0357069 
 0.03562433 0.03643652
 0.03714912 0.04100585
 0.03555892 0.04249504
 0.03744712 0.03989108
 0.0366987  0.04094822
 0.03640073 0.04332475
 0.03754722 0.0406354 
 0.03804687 0.04277462
 0.03945941 0.04296549
 0.04153471 0.04426347
 0.03971273 0.04307028
 0.03674974 0.04066252
 0.03831124 0.04412793
 0.03637388 0.04276498
 0.03531219 0.03928731
 0.03774833 0.04267101
 0.03666785 0.04310348
 0.03524571 0.04201432
 0.03741394 0.04218793
 0.03814813 0.04534128
 0.04106446 0.04191508
 0.03633022 0.03768956
 0.03550319 0.03585324
 0.03669914 0.03532748
 0.03806984 0.03663698
 0.03672314 0.03702293
 0.0443728  0.03997607
 0.04168054 0.04162289
 0.04107267 0.04156674
 0.04413556 0.04168085
 0.04425953 0.04264996
 0.03765908 0.0432209 
 0.04624225 0.04387623
 0.04904789 0.04527255
 0.04247831 0.04220521
 0.04058853 0.04206239
 0.040912   0.04329576
 0.03836889 0.04277748
 0.040375   0.04578538
 0.03939788 0.04402733
 0.03698914 0.03871967
 0.03736466 0.04646858
 0.04017986 0.04146162
 0.03830936 0.04500702
 0.03623604 0.04175021
 0.04188012 0.04383142
 0.03857557 0.04256196
 0.03981015 0.04195257
 0.0388263  0.04312909
 0.03682096 0.04056127
 0.03557202 0.04246549
 0.03794902 0.04402038
 0.03810586 0.04141343
 0.03883077 0.04185942
 0.04441284 0.04196154
 0.03849509 0.04549856
 0.03712516 0.04098377
 0.03517476 0.03734011
 0.04149622 0.041935  
 0.04199431 0.04141867
 0.03742118 0.03918756
 0.03733929 0.04130486
 0.04257534 0.04034675
 0.0422894  0.043055  
 0.04670449 0.04064193
 0.04418615 0.04233076
 0.04331224 0.04329353
 0.03972358 0.03855787
 0.03979381 0.04177287
 0.04558167 0.04476266
 0.03924532 0.04391728
 0.03643676 0.04119531
 0.0372966  0.04231608
 0.04231356 0.0426134 
 0.0429662  0.04076977
 0.03717608 0.04222853
 0.03671699 0.04048326
 0.04375233 0.04130497
 0.03945069 0.03874999
 0.03973989 0.04000646
 0.0378221  0.0410949 
 0.035747   0.03880308
 0.03553354 0.03803127
 0.0397886  0.04217172
 0.04162228 0.04346883
 0.04072576 0.0411639 
 0.04343373 0.04016338
 0.03747985 0.04185791
 0.03654917 0.04221994
 0.0374061  0.04182253
 0.03653821 0.04020347
 0.0350544  0.04541736
 0.03672199 0.03879116
 0.03839405 0.03829117
 0.04145513 0.03905499
 0.03967513 0.03885509
 0.04072506 0.03977861
 0.03728288 0.03921309
 0.03833563 0.04153972
 0.04555275 0.04226841
 0.04530562 0.04354765
 0.03828758 0.03921667
 0.04019361 0.04001264
 0.04026464 0.04201118
 0.03737389 0.03840743
 0.03837606 0.04054365
 0.0377172  0.03903483
 0.03746616 0.04159081
 0.03682705 0.04117278
 0.03678923 0.0423916 
 0.03736591 0.0376245 
 0.03941986 0.03885998
 0.04091214 0.04015118
 0.04110773 0.03777621
 0.04050329 0.03856505
 0.04134125 0.04156177
 0.03697989 0.0403502 
 0.04065016 0.04159715
 0.04358644 0.0417934 
 0.04174203 0.04209352
 0.0416983  0.04230954
 0.04017338 0.04083562
 0.0370149  0.0402649 
 0.03733139 0.04617371
 0.03979976 0.04239709
 0.04039037 0.03882503
 0.04155502 0.04670034
 0.03650054 0.05268791
 0.03883842 0.04181194
 0.03743326 0.03883288
 0.03968232 0.04275722
 0.03694136 0.04515596
 0.0394397  0.03806791
 0.03724093 0.04178172
 0.03871109 0.04883996
 0.0373827  0.04434751
 0.03507663 0.03836028
 0.0366211  0.03708957
 0.03728957 0.04082   
 0.04140741 0.04559554
 0.04155746 0.04399139
 0.04048623 0.04208242
 0.03549389 0.04261255
 0.03581526 0.04215587
 0.03559504 0.0431635 
 0.03609567 0.04357678
 0.0399818  0.04186529
 0.0389197  0.04361752
 0.04064017 0.04269142
 0.04326762 0.04506866
 0.03956164 0.04448385